CDK

	Protocol		PURE Timeseries
Experiment File Name:	20260519-132240-cytation5-pure-timecourse-gfp-DiscoveryPlate_R3b.xpt		
Experiment File Path:	C:\Users\bnext\Documents\Biotek\experiments\20260519-132240-cytation5-pure-timecourse-gfp-DiscoveryPlate_R3b.xpt		
Protocol File Path:	C:\Users\bnext\Documents\Biotek\protocols\cytation5_protocols\cytation5-pure-timecourse-gfp.prt		
Protocol File Name:	cytation5-pure-timecourse-gfp		
Reading Date/Time:	5/19/2026 1:23:30 PM		
Plate Number:	Plate 1		
Plate ID:			
Barcode:			
Reader Serial Number:	1705168		
Plate Comment:			
Reader Type:	Cytation5		

Procedure Summary

Plate Type	Greiner 384 SV NoBind AutoMap
Well Selection	Runtime
Eject plate on completion	
Set Temperature	Temperature:  Setpoint 37 °C
Start Kinetic	Start Kinetic [Run 6:00:00, Interval 0:05:00]
Read	Read:  GFP-G70 (F) 485,528
Read	Read:  GFP-Gext (F) 485,528
End Kinetic	End Kinetic
Set Temperature	Temperature:  Off

PURE:GFP-Gext:485,528

Time	T° GFP-Gext:485,528	A1	A2	A3	A4	A5	A6	A7	A8	A9	A10	A11	A12	A13	A14	A15	A16	A17	A18	A19	A20	A21	A22	A23	A24	B1	B2	B3	B4	B5	B6	B7	B8	B9	B10	B11	B12	B13	B14	B15	B16	B17	B18	B19	B20	B21	B22	B23	B24	C1	C2	C3	C4	C5	C6	C7	C8	C9	C10	C11	C12	C13	C14	C15	C16	C17	C18	C19	C20	C21	C22	C23	C24	D1	D2	D3	D4	D5	D6	D7	D8	D9	D10	D11	D12	D13	D14	D15	D16	D17	D18	D19	D20	D21	D22	D23	D24	E1	E2	E3	E4	E5	E6	E7	E8	E9	E10	E11	E12	E13	E14	E15	E16	E17	E18	E19	E20	E21	E22	E23	E24	F1	F2	F3	F4	F5	F6	F7	F8	F9	F10	F11	F12	F13	F14	F15	F16	F17	F18	F19	F20	F21	F22	F23	F24	G1	G2	G3	G4	G5	G6	G7	G8	G9	G10	G11	G12	G13	G14	G15	G16	G17	G18	G19	G20	G21	G22	G23	G24	H1	H2	H3	H4	H5	H6	H7	H8	H9	H10	H11	H12	H13	H14	H15	H16	H17	H18	H19	H20	H21	H22	H23	H24	I1	I2	I3	I4	I5	I6	I7	I8	I9	I10	I11	I12	I13	I14	I15	I16	I17	I18	I19	I20	I21	I22	I23	I24	J1	J2	J3	J4	J5	J6	J7	J8	J9	J10	J11	J12	J13	J14	J15	J16	J17	J18	J19	J20	J21	J22	J23	J24	K1	K2	K3	K4	K5	K6	K7	K8	K9	K10	K11	K12	K13	K14	K15	K16	K17	K18	K19	K20	K21	K22	K23	K24	L1	L2	L3	L4	L5	L6	L7	L8	L9	L10	L11	L12	L13	L14	L15	L16	L17	L18	L19	L20	L21	L22	L23	L24	M1	M2	M3	M4	M5	M6	M7	M8	M9	M10	M11	M12	M13	M14	M15	M16	M17	M18	M19	M20	M21	M22	M23	M24	N1	N2	N3	N4	N5	N6	N7	N8	N9	N10	N11	N12	N13	N14	N15	N16	N17	N18	N19	N20	N21	N22	N23	N24	O1	O2	O3	O4	O5	O6	O7	O8	O9	O10	O11	O12	O13	O14	O15	O16	O17	O18	O19	O20	O21	O22	O23	O24	P1	P2	P3	P4	P5	P6	P7	P8	P9	P10	P11	P12	P13	P14	P15	P16	P17	P18	P19	P20	P21	P22	P23	P24
0:01:07	33.2																																																																																																					423	1151	1003	968	1599	695	2011	816	792	841	1102	707	1762	718											117	4450	965	606	657	588	1053	606	615	640	670	598	1807	686											101	4047	3297	2156	1907	2406	1167	1936	821	801	1214	575	2943	770											102	4030	2670	4199	1077	4975	2579	2600	1086	2396	676	721	1448	2118											104	4420	4901	1036	2053	843	2103	3974	824	1443	4373	3478	2948	4370											118	2456	3324	636	1235	4070	950	572	604	1483	1705	635	2478	2425											111	603	878	2384	615	1616	618	1347	2569	2279	2334	857	2201	3341											107	3666	528	3916	661	571	642	1354	578	599	537	564	718	1321											96	552	542	530	507	479	468	579	538	573	538	501	533	483											99	929444	941384	953094	99	100	106	100	83	102	111	132	105	99																																																						
0:06:07	37.0																																																																																																					389	1101	980	975	2497	665	2816	823	801	830	1874	628	3186	662											98	6961	1534	558	671	553	1545	632	587	646	579	589	2951	692											112	7029	5323	3993	3231	4176	1952	3140	1297	1094	2245	564	4877	1136											117	6875	5430	7203	2355	8998	4622	4406	1486	4652	1240	1099	2656	3588											102	7625	9529	1949	3367	1410	3407	6363	1443	3046	7062	6092	5096	7744											99	4766	6219	602	2477	6692	1066	551	567	2620	2987	718	4304	4891											107	941	1154	4645	666	2790	597	2225	4662	4399	4563	1593	4684	6005											103	7488	511	7062	807	547	776	2646	667	609	550	512	941	2599											114	886	701	994	751	682	706	615	528	547	548	495	491	527											81	923172	926148	948347	118	97	96	112	113	93	109	104	105	90																																																						
0:11:07	37.0																																																																																																					400	1094	989	931	5018	675	4152	744	730	803	3921	662	6707	651											107	12833	2778	547	622	582	2617	728	572	662	594	587	5708	642											118	13021	11851	9228	6928	9958	3592	7115	2714	2540	4801	544	9467	3632											95	14522	11123	15093	5311	17890	8117	7688	2509	8803	2758	2475	5694	7300											112	15796	18387	4402	7824	3048	7724	11950	2983	6199	13503	13717	10848	17686											99	8110	11124	581	4907	11824	1406	569	571	5758	5735	953	7920	13917											91	1554	1693	8906	729	6753	577	4389	8801	8319	9629	3125	8656	12456											99	14705	573	15582	1406	563	1282	5957	907	614	538	552	3082	5962											79	5735	3631	7149	4337	4168	4228	541	508	499	513	515	524	529											96	906196	913546	929507	98	88	90	111	107	114	98	109	91	87																																																						
0:16:07	37.0																																																																																																					400	1068	975	911	12603	725	5493	778	758	768	9963	662	15977	671											96	25030	4023	562	617	581	3735	918	606	697	580	631	12375	674											96	26052	30893	25157	18749	27831	6493	18664	7157	6794	9403	543	20007	14027											98	37297	23348	36738	10336	41321	13028	13069	3783	16669	6253	5245	14189	16893											74	37545	38954	11132	20793	7557	20166	26562	6014	11332	30512	35642	26317	43369											89	11618	19686	618	8171	21753	1764	537	602	13103	11557	1214	16995	38551											114	2311	2247	19771	770	17607	596	8881	14271	18293	22517	5107	15518	28330											104	29285	624	33588	2351	564	1858	11944	1123	617	574	522	7934	12402											92	21822	14532	26834	17220	17970	16607	588	504	503	531	501	525	510											105	894475	895859	922675	93	100	94	94	91	105	95	112	90	104																																																						
0:21:07	37.0																																																																																																					369	1138	966	986	25774	706	6530	801	810	844	22034	654	32660	716											89	40755	5264	612	663	600	4746	1163	609	847	614	615	23649	709											92	48714	61504	55731	40032	58460	9779	38427	17283	14469	15685	582	33021	32814											100	76770	39304	73728	17605	80768	18136	19771	5048	26714	12598	9419	28097	29457											100	73429	72597	22712	42507	16090	41710	50216	9782	19044	56972	71622	50308	84063											84	14270	30024	647	11426	32983	1998	519	582	22492	17954	1486	31233	74949											89	3069	2771	39127	818	35052	604	13745	19001	34773	41745	6823	23255	52898											102	47968	711	58818	3076	595	2472	18052	1286	650	579	540	12464	19011											109	47710	33723	58958	39976	42015	36999	579	495	575	548	494	542	523											82	880330	885365	902505	119	99	108	99	97	104	99	119	86	112																																																						
0:26:07	37.0																																																																																																					394	1137	1083	1045	42291	715	7431	856	797	829	37694	709	52608	752											109	55175	6198	615	634	617	5237	1455	598	929	616	627	37639	736											116	74239	100281	93900	66784	96750	12315	62284	30686	23867	20928	596	46032	56521											92	123933	55826	117568	24434	127540	22583	25265	5861	35158	20620	13058	45585	41025											95	114837	108158	36377	72835	26739	70077	79479	12950	27285	87839	116006	78900	132156											96	15941	40016	656	14090	43347	2205	542	622	29578	23737	1723	47676	114910											98	3600	3054	62787	899	55373	635	17576	23111	55509	63953	8426	28774	81299											96	64926	726	84945	3652	602	2880	23070	1305	682	630	600	15116	23654											98	79257	57397	96082	68831	70959	62705	591	533	576	545	516	549	540											104	873984	869559	895560	102	87	90	103	89	97	97	107	85	92																																																						
0:31:07	37.0																																																																																																					394	1165	1056	1082	61853	782	8038	860	894	897	55084	718	73927	778											97	66872	7090	664	721	650	5623	1660	666	1063	676	675	50826	734											88	100516	143836	135894	94413	135146	14555	85817	46574	34704	24073	626	57131	82208											100	171840	69788	162394	31324	176702	24825	29456	6566	41170	28637	15974	63189	50907											97	154930	140795	51130	108889	37780	101573	110912	15197	34910	120067	163239	107017	180936											89	16699	47395	645	15717	50591	2260	540	664	35242	27643	1917	64578	153704											97	4078	3264	87540	907	76189	634	19958	25967	76072	85688	9002	31972	111875											97	79772	796	110053	4151	663	3126	26247	1412	701	654	589	16201	26377											110	111043	82041	133064	99117	101413	89531	642	566	538	549	545	543	552											76	867309	867748	886391	109	93	108	92	107	91	111	125	95	103																																																						
0:36:07	37.0																																																																																																					363	1226	1086	1106	81237	796	8454	849	869	899	71770	749	93641	790											102	76361	7566	656	737	634	5900	1820	660	1196	676	684	62718	771											115	124461	186116	175479	119790	174877	16116	107782	62642	45841	27512	642	66669	107368											97	215837	81699	204493	37262	222071	26590	32757	7032	44904	35764	18110	80925	58050											100	188767	167671	65526	146379	49131	135504	142004	16483	42260	152857	212822	135099	229978											78	17296	53303	685	16707	55188	2366	599	713	39172	30574	2055	79359	188401											92	4499	3421	111969	981	96161	696	21656	27921	96753	104673	9320	34089	142484											91	90043	850	131407	4372	685	3271	28501	1458	741	642	626	16848	28346											89	139647	104808	167071	127533	130159	114227	621	550	568	575	554	545	529											90	860966	862872	879820	104	93	92	85	112	106	95	123	92	87																																																						
0:41:07	37.0																																																																																																					364	1275	1108	1137	100500	828	8894	929	878	971	88008	772	111012	860											84	84150	7900	693	752	691	6062	1967	714	1330	689	733	72925	796											101	145257	225468	211750	140524	213269	17517	127156	76722	55588	30475	622	74962	128438											98	254538	91321	238753	42746	263478	27907	34583	7367	47807	42720	19691	97935	63929											99	216875	192092	79909	183095	59466	169083	171855	17276	49429	184073	259217	160656	276298											110	17454	56253	693	17392	57750	2399	581	748	41564	32819	2222	92998	221156											90	4678	3530	131240	1024	113792	678	22624	29414	114700	119741	9460	35010	170995											103	98992	904	149058	4524	699	3464	30116	1518	802	729	646	16877	29703											96	162917	123446	193851	152307	153990	135285	624	554	593	586	565	546	579											77	860253	860221	876271	106	104	97	79	102	90	89	113	99	83																																																						
0:46:07	37.0																																																																																																					401	1327	1175	1168	119905	852	9072	977	953	997	101414	795	127320	930											99	90461	7930	666	814	704	6209	2073	724	1406	725	721	81567	873											109	161344	262250	241317	158122	246490	18520	143621	89443	64827	33202	604	81253	149223											113	287845	98917	269917	48606	296476	28410	35676	7631	48801	49085	20866	112794	67626											117	240799	211970	92645	216278	69599	202065	197181	17705	56354	211469	303169	183400	312641											100	17630	59458	793	18005	60024	2481	607	756	43374	33759	2330	104706	247257											83	4819	3617	148867	1051	130256	769	23239	30417	129440	132630	9798	36223	197122											94	106648	862	164850	4662	758	3514	31251	1506	804	753	682	16834	29995											99	183214	139340	217463	173603	175338	153837	643	553	640	623	537	562	582											88	856804	852906	870409	109	89	102	100	104	87	102	114	109	96																																																						
0:51:07	37.0																																																																																																					372	1365	1245	1241	137255	862	9258	1019	1014	1069	112150	860	139618	890											104	95120	8146	756	828	754	6261	2120	781	1504	740	821	88621	821											92	174477	295655	268014	172324	274407	19222	155997	100092	72958	36019	652	87407	163486											106	313188	103796	292421	54071	319509	27485	36339	7763	49551	54388	22144	125314	70260											112	256918	227151	104680	247825	77798	231608	220398	18042	63080	234423	340204	203382	342154											101	17683	61093	764	18429	61767	2457	625	797	44426	34918	2422	113105	266586											109	4907	3677	163080	1080	143828	772	24058	30990	142743	141928	10014	36704	221721											102	112645	937	174898	4824	762	3406	32632	1585	822	793	717	16853	29639											112	197834	152746	234789	189970	190382	167570	678	584	618	644	598	607	574											96	851138	848787	867561	107	95	101	96	106	97	111	115	96	94																																																						
0:56:07	37.0																																																																																																					391	1405	1215	1232	153198	870	9483	1052	1017	1056	121686	891	150233	955											88	99400	8174	810	842	758	6221	2174	799	1603	819	788	92863	923											99	184707	320800	288708	184866	295852	19501	164046	108754	79549	38509	680	92296	175219											102	331615	108803	310669	58737	334961	27703	37612	7972	50314	59502	22706	135661	72977											89	266665	238476	113133	275495	85141	255727	238737	18061	68602	252727	371691	219890	362648											106	17706	63265	772	18877	62747	2564	587	876	45138	35850	2428	120357	278909											103	5084	3691	172712	1088	153421	783	24758	31362	151792	149136	10117	37338	241450											99	116466	908	183238	4997	842	3570	33093	1681	898	795	698	16890	29680											96	209756	162551	247731	202904	203414	179423	669	592	644	634	587	621	593											99	850666	847926	861520	119	94	101	92	102	103	106	97	89	88																																																						
1:01:07	37.1																																																																																																					376	1459	1283	1289	169078	887	9755	1119	1063	1090	128441	932	158881	1007											99	101559	8279	808	916	793	6257	2291	825	1637	853	826	97090	937											103	191760	340711	306931	193475	310680	20215	169468	116545	86177	39856	616	97081	185050											99	347321	111223	324596	63589	345330	28237	38161	8134	51335	63898	23572	145186	74848											96	272695	248906	121593	295374	91764	275534	252770	18378	74056	267174	432446	232906	374190											87	17623	63380	864	19120	64102	2612	661	904	45977	36064	2533	124604	286445											92	5160	3806	181280	1122	161582	861	25518	31687	159473	155099	10255	37729	257012											103	120827	1007	190240	5006	869	3749	34339	1663	947	869	732	16758	29720											107	217232	170341	257013	212855	212555	187226	674	618	676	665	616	654	638											99	845214	842236	860278	111	103	110	104	99	87	83	125	88	85																																																						
1:06:07	37.0																																																																																																					399	1505	1264	1352	180403	944	9642	1054	1154	1122	133599	951	164636	1078											99	102063	8427	846	932	816	6309	2301	892	1687	843	830	99713	970											89	196968	353615	319966	201834	317891	20415	174545	121601	90372	41819	700	99129	190962											95	356817	112488	334691	67490	351422	28156	38458	8305	52638	66953	23993	151055	76569											108	273843	256992	127139	310489	96655	289607	263272	18225	78764	274987	448472	243461	380045											88	17921	64506	890	19429	65179	2729	700	963	46128	36315	2570	127772	292381											90	5203	3796	187298	1189	167115	886	25903	31585	164377	158742	10366	38549	268189											119	123790	978	194796	5143	938	3788	34531	1686	994	925	804	17114	29470											100	222315	175181	261971	219545	218145	192851	703	662	672	661	657	609	639											105	845600	839943	851823	99	106	98	94	101	116	94	110	103	87																																																						
1:11:07	37.0																																																																																																					373	1598	1332	1366	189498	1005	10026	1128	1132	1133	138642	989	168455	1104											87	102745	8419	845	1003	845	6423	2392	996	1768	865	855	102010	993											100	201031	360445	330180	206226	322884	20771	176135	126254	94654	42827	674	102329	197370											94	363608	113235	343896	71370	354021	28737	38630	8288	53231	70769	24339	155983	77528											107	273164	261186	132459	322224	100797	301718	270971	18296	82849	280359	464548	250218	413367											102	17859	65132	898	19657	65616	2734	704	943	46434	36205	2633	129855	294466											87	5291	3864	190790	1240	170891	947	26261	32202	169357	161277	10253	38988	276141											94	126463	1080	196072	5197	1042	3751	35175	1748	1073	940	860	17384	29410											111	226405	177997	267482	224659	222621	196734	753	678	700	681	664	647	654											94	838839	838739	852446	105	93	99	93	107	109	107	112	88	103																																																						
1:16:07	37.0																																																																																																					399	1702	1393	1436	197501	992	10183	1196	1206	1175	141693	1023	172357	1179											86	103376	8408	878	1036	906	6592	2405	979	1823	937	923	103918	1033											89	203676	363361	337039	211355	325461	21041	178082	129169	95553	43334	745	103794	198719											102	369050	113729	348253	74631	354918	29028	39330	8198	53726	72657	24255	159614	78143											99	275901	264419	135223	328466	103944	307295	275544	18465	86135	281002	473968	254812	416930											100	18198	65397	984	19515	66154	2738	692	1028	46309	36273	2697	131217	296777											103	5352	3837	194812	1291	176514	941	26510	32015	173232	163826	10476	39092	281093											102	127000	1024	197010	5281	1065	3860	35649	1824	1089	961	854	17389	29142											106	228737	178902	270997	228309	223593	199999	734	646	701	695	652	669	658											97	837795	833330	847972	105	79	97	92	93	100	112	104	89	110																																																						
1:21:07	37.0																																																																																																					412	1708	1399	1509	202430	973	10140	1283	1262	1306	144169	1066	174457	1212											97	104228	8615	939	1088	976	6506	2356	1024	1833	941	1000	105390	1070											104	205425	366247	342124	215733	327706	21163	180077	131161	97297	43786	761	105215	202345											105	374079	114198	351028	77346	357475	28720	39561	8565	54087	74867	24549	163232	79031											89	273996	267278	138410	332570	105708	313944	280332	18374	88713	280746	482116	258207	415369											90	18004	66154	968	19790	66894	2747	734	1051	46578	36341	2742	132857	298630											107	5419	3961	197284	1327	177249	1052	27019	32294	175508	166005	10574	39633	285334											102	129569	1128	197636	5287	1107	3901	35898	1810	1093	1000	892	17540	29282											102	230753	179537	271305	231093	227416	201777	799	679	746	729	715	683	732											98	833859	830501	847266	113	97	83	93	105	94	99	115	99	79																																																						
1:26:07	37.0																																																																																																					374	1833	1467	1501	206519	1035	10260	1306	1334	1292	145579	1154	176265	1306											99	105300	8530	974	1167	1015	6665	2489	1049	1917	1000	971	106190	1140											89	207595	367917	344935	217196	327992	21253	179761	132647	97435	44016	757	107256	203466											109	373746	113540	354878	79080	355847	28951	39738	8385	53854	76735	24449	164225	79561											95	273372	267069	139733	335882	107655	317207	281458	18593	91102	281685	487136	260002	414806											100	17994	65868	1054	19888	67155	2829	723	1108	46781	36122	2702	134808	298156											94	5554	3941	198359	1361	176112	1058	27172	32017	177282	166000	10628	39370	287860											100	130443	1083	196195	5340	1152	4084	35833	1940	1172	1066	946	17624	29009											109	230677	180630	271964	231656	227226	203493	786	733	725	739	687	725	733											98	831264	829264	843208	99	93	79	93	96	107	82	117	89	104																																																						
1:31:07	37.1																																																																																																					373	1833	1571	1655	209888	1039	10473	1376	1422	1270	146897	1182	177348	1350											88	105276	8783	1021	1228	1048	6662	2372	1119	1957	1061	1091	107139	1155											103	206958	367986	347996	219684	328919	21232	180441	134657	98453	44826	790	107813	205166											101	374687	114325	355480	81120	357352	28966	40231	8663	53113	77727	24685	166284	79722											98	272866	267910	141143	340452	109411	320270	284145	18412	91656	286074	490581	261690	414679											99	17939	66427	1097	19963	67841	2885	778	1202	46684	36278	2819	134693	297777											71	5519	3954	200044	1385	176742	1048	27302	32106	177533	167367	10733	39877	289201											97	131115	1144	196863	5482	1243	4165	36679	1957	1221	1135	938	17699	29003											83	231180	180521	272007	233595	229012	203984	808	735	751	780	722	762	705											96	828255	830459	843237	113	97	89	98	95	108	91	133	86	101																																																						
1:36:07	37.0																																																																																																					389	1873	1479	1674	211855	1081	10308	1467	1448	1386	148165	1274	179381	1377											97	105148	8717	1045	1242	1102	6624	2430	1103	1991	1079	1082	107399	1176											101	207663	367254	347603	221354	330003	21285	179978	135644	97536	44740	813	107707	205986											107	373866	113961	356741	81891	355102	28726	40728	8716	53472	78595	25025	167155	80324											98	272530	269324	141811	340886	110712	319979	285048	18147	92906	289726	493983	260283	412268											91	18103	66575	1123	20164	67383	2962	779	1291	46518	35964	2882	135419	299913											95	5670	3967	200772	1445	178588	1135	27412	32002	179351	167845	10720	39866	291490											113	131612	1171	198289	5454	1307	4148	36741	2076	1242	1170	998	17898	29031											100	230882	180273	272588	233616	228070	204395	844	766	769	759	739	745	784											96	828293	828923	839967	94	93	91	102	107	100	102	112	87	86																																																						
1:41:07	37.0																																																																																																					364	2004	1629	1695	214678	1155	10494	1493	1545	1462	150026	1272	179304	1434											95	105617	8801	1087	1340	1157	6763	2532	1120	2047	1154	1168	108095	1261											105	209772	371408	349849	223223	330425	21406	181191	136426	97567	44527	835	108643	206781											96	375545	114174	358596	83233	356691	29073	40254	8833	53688	79972	25435	169352	79864											95	272052	269543	143250	344300	111187	322042	286414	18146	94204	293809	490381	262048	413541											109	18218	66740	1174	20244	67954	2971	767	1283	46917	35780	2881	135875	299341											98	5751	3980	201799	1486	180178	1199	27475	32531	179453	168311	10931	40150	291890											102	132167	1253	199558	5512	1356	4307	36690	2135	1331	1201	1045	18121	28790											97	231211	179671	271793	235016	228619	206151	826	776	784	806	784	789	754											87	827368	829128	838856	94	95	80	103	98	93	98	106	97	91																																																						
1:46:07	36.9																																																																																																					362	2046	1600	1795	215320	1169	10472	1498	1509	1505	149914	1335	179544	1524											96	105711	8991	1180	1406	1167	6726	2534	1218	2055	1189	1235	108356	1319											104	209998	370590	349695	222458	329350	21768	181227	136999	97641	44630	870	109481	207148											106	376045	113366	359775	83468	356469	29247	40708	8659	53490	79848	25753	169594	80231											100	272517	269028	143370	345783	112668	323085	288153	18394	94175	297307	490629	262294	413407											101	18360	66392	1268	20059	68267	3032	828	1360	46605	35570	2988	136404	297637											91	5774	4039	201995	1525	182912	1278	27669	32222	181125	169044	10977	40164	294022											99	133966	1287	200082	5604	1382	4310	36963	2056	1363	1245	1107	18206	28847											102	231642	179050	271308	235509	228102	206066	862	804	836	841	789	766	780											97	827177	822364	837988	119	93	96	101	83	98	96	114	105	107																																																						
1:51:07	37.0																																																																																																					375	2197	1732	1853	217709	1241	10621	1576	1588	1572	151340	1405	181288	1574											83	106848	8895	1222	1439	1173	6852	2598	1286	2245	1247	1287	108771	1398											116	210810	374453	352042	225781	332487	21802	180822	139118	99023	44293	862	109909	208573											89	406251	113120	360706	84094	358507	29231	40920	8789	53187	80619	26113	171019	81026											95	271658	270731	144786	347438	112851	322931	289238	18238	96062	300266	491525	260979	381148											86	18422	67513	1274	20375	69178	3140	839	1411	47241	36308	3039	136946	298615											89	5833	4171	203242	1609	184640	1362	27778	32282	182810	170451	11244	40140	294545											104	134665	1286	199423	5813	1520	4475	37260	2120	1395	1367	1193	18220	28919											91	232110	178986	271076	237318	230535	206902	864	792	856	849	828	825	780											97	827094	824117	835642	107	94	86	95	104	84	104	121	100	95																																																						
1:56:07	37.1																																																																																																					371	2207	1715	1845	217703	1217	10591	1602	1725	1590	150586	1392	180588	1636											104	106342	8936	1258	1504	1265	6941	2721	1369	2200	1243	1317	108911	1380											111	211277	372510	350478	224165	330065	22097	181170	138767	98294	44027	871	109116	206926											107	374237	112651	357922	84587	356103	29113	40535	8991	53279	81386	25926	171177	80712											98	270455	270805	144642	347683	113465	322895	289452	17984	95379	303564	490719	260430	412032											101	18599	67466	1305	20299	68963	3198	872	1495	46517	35732	3135	137927	297723											88	5856	4095	201789	1637	184644	1377	27633	31907	180564	169417	11184	40542	294655											102	134984	1276	197804	5690	1641	4522	37250	2215	1455	1375	1154	18396	28914											97	231933	178632	270051	236498	228666	205165	898	819	883	826	789	821	812											87	821161	822465	832772	107	98	93	109	103	103	103	115	95	92																																																						
2:01:07	37.0																																																																																																					368	2272	1806	1891	218265	1290	10620	1734	1722	1668	151915	1495	181386	1718											94	106700	8859	1341	1563	1335	6921	2627	1445	2319	1295	1363	110168	1449											105	209535	372974	350694	225338	331251	22082	182341	139681	98521	43655	965	110869	208939											97	376265	113335	357219	85039	354078	29302	40665	8969	52684	81526	26386	171799	80998											94	269953	269858	144197	350131	113073	322656	290584	18448	95640	304716	491487	259981	411385											92	18290	67487	1406	20184	69080	3259	927	1543	46184	35879	3162	137356	297361											95	5920	4142	203226	1683	186369	1433	27530	32373	181807	168751	11116	40472	294001											101	136259	1407	196872	5923	1640	4578	37427	2234	1504	1460	1219	18176	29005											114	230613	178148	269381	237303	228473	206271	986	855	945	929	846	856	848											96	825245	816474	834323	123	81	104	99	91	84	89	131	82	109																																																						
2:06:07	37.1																																																																																																					384	2360	1846	1963	219492	1300	10736	1742	1812	1750	152282	1556	181913	1822											87	107369	9056	1345	1634	1373	6967	2678	1424	2360	1344	1395	110002	1511											96	210766	373024	350058	225989	331180	22092	180838	140222	98110	43515	975	110066	208580											106	375160	113317	357588	85078	356360	29431	40583	8896	53277	81384	26504	172507	80993											94	269361	269770	145628	348219	113872	321674	290708	18010	96220	306343	488881	260217	412927											91	18391	67903	1487	20119	69691	3357	938	1618	46071	35686	3248	138560	297928											99	6085	4224	202773	1710	187252	1459	27554	32442	182842	170405	11192	40757	294705											98	136239	1414	195927	6032	1706	4613	37778	2325	1595	1486	1314	18320	29091											92	231716	177791	269293	237592	229341	206672	1014	872	934	920	884	890	895											101	821891	821998	831992	107	102	94	110	96	85	100	125	79	106																																																						
2:11:07	37.0																																																																																																					371	2476	1972	2015	219373	1354	10713	1828	1894	1868	153265	1592	181441	1889											97	106516	9124	1437	1700	1421	6915	2742	1518	2446	1355	1459	109606	1576											103	210589	372243	349801	225998	329463	22137	180634	140013	98924	43235	928	109528	207968											108	373809	112784	356746	84544	354363	29059	41083	8876	52944	81610	26582	172337	80362											91	270340	271259	145838	350089	114197	323375	290817	18263	95960	306087	492356	258932	411879											97	18505	67566	1494	20179	70373	3340	892	1714	45635	35773	3217	136886	296306											91	6064	4241	202014	1748	187512	1487	27367	32036	183221	169717	11185	40603	294696											93	135844	1438	195634	5976	1832	4691	37791	2386	1653	1535	1392	18308	29140											102	231129	176941	268321	235930	228522	206124	968	888	941	923	856	924	920											87	820071	819103	826537	97	98	92	105	107	94	115	132	96	106																																																						
2:16:07	37.0																																																																																																					358	2535	1990	2054	218103	1359	10828	1949	1921	1912	153723	1691	183133	1981											96	106679	8895	1455	1744	1458	6938	2708	1560	2485	1468	1488	110324	1653											118	212257	371076	348988	224880	328824	21993	180833	139750	98956	43191	1027	110115	208152											91	374588	113184	357908	85417	352085	29347	40608	9148	52741	81924	26564	172749	80647											89	268253	270179	145818	350398	114697	323351	291842	18325	95731	308291	491580	258797	412964											98	18624	67840	1506	20513	69546	3386	987	1736	45512	35871	3238	138004	296764											86	5998	4367	203089	1789	189052	1626	27680	32205	183801	169971	11224	40849	294476											94	136007	1463	196894	6212	1926	4746	37796	2524	1691	1621	1374	18227	29241											94	229816	176298	267525	235722	228798	206247	1010	931	973	969	895	938	930											83	815483	819480	825930	92	105	100	96	94	105	103	103	110	103																																																						
2:21:07	37.0																																																																																																					384	2644	2040	2215	221380	1400	10734	1904	2029	1980	152843	1785	182939	2087											91	106301	9049	1447	1843	1541	6997	2789	1593	2543	1484	1573	111194	1712											104	212245	372206	348719	224208	329534	22148	180726	140580	98723	42821	1013	110200	209575											105	373783	112863	358288	85189	354197	29281	40694	9071	52838	81941	26787	173776	80805											105	269095	268739	145817	349452	115020	321920	291545	18178	96383	308262	489317	258648	412112											102	18742	68439	1655	20238	70074	3524	994	1817	45718	36105	3319	138112	296891											97	6113	4399	203537	1853	189728	1669	27633	32149	182937	170591	11373	40640	295587											97	136229	1510	196983	6214	1893	4828	37923	2535	1808	1641	1425	18379	29184											95	229688	176357	267381	237725	228221	205975	1017	961	942	990	961	966	985											94	819948	813508	827440	101	104	103	96	86	110	89	119	104	99																																																						
2:26:07	37.0																																																																																																					405	2720	2042	2267	219950	1416	10782	1983	2142	2003	154002	1878	182915	2143											90	106951	9175	1569	1925	1645	7151	2853	1688	2583	1530	1677	111621	1753											109	211691	370571	350057	225472	326688	22037	180518	140382	98913	42758	1074	110327	208755											92	371690	111987	356663	85092	352075	29080	40556	9069	52610	81524	26932	173024	80584											100	268971	268720	146170	349965	114562	321473	290638	18155	95767	309998	487522	257914	410734											101	18598	68420	1705	20457	70336	3598	1001	1904	45957	36040	3305	138369	296451											97	6302	4451	202690	1909	189684	1712	27419	32336	183840	169699	11065	40580	295681											96	136033	1554	197537	6168	2058	4899	38022	2662	1824	1690	1540	18363	29362											103	229682	175854	267356	236892	227085	204958	1108	955	1035	1022	941	970	993											96	816884	815893	825127	93	88	99	98	87	90	96	123	97	100																																																						
2:31:07	37.1																																																																																																					372	2824	2187	2212	220769	1475	10986	2111	2288	2107	154042	1919	184194	2214											92	107090	9119	1613	1955	1624	7067	2809	1754	2637	1598	1718	111276	1800											89	211749	372678	349535	227080	328906	22339	180461	140521	100032	42461	1110	110596	209209											90	375326	112809	358190	85244	352263	29286	40668	8974	52874	82468	26922	174473	80645											86	268475	269014	146671	351879	115703	322897	293086	18204	96293	312090	487722	258799	414398											104	18564	68399	1770	20621	70981	3613	1000	2017	46313	35803	3391	138847	297312											100	6202	4508	203237	1973	190817	1810	27858	32322	184889	171057	11353	40798	297225											100	136632	1575	198377	6349	2092	5061	38184	2678	1874	1827	1493	18553	29247											98	230034	176253	268451	237988	227867	206625	1087	1042	1003	1034	1010	1012	952											107	815062	813039	826802	104	100	81	110	104	100	87	125	88	103																																																						
2:36:07	37.1																																																																																																					363	2905	2188	2387	221793	1489	10964	2116	2379	2136	153862	1925	182114	2382											98	107025	9302	1617	2030	1775	7066	2873	1848	2686	1626	1789	111255	1836											96	212376	368381	348945	224939	325746	22174	180261	140820	99835	42441	1141	110110	208373											90	372266	112199	357021	85406	350753	29040	40730	9003	52488	82543	27018	174316	79953											97	267321	268912	145984	350783	115379	323259	292291	18192	96460	310670	487643	257554	410598											97	18411	68386	1811	20223	71030	3696	1048	2096	46097	35564	3380	138815	294561											92	6324	4496	202776	2025	191076	1820	27598	32017	185000	170295	11104	40791	296039											97	136838	1598	198265	6340	2223	5104	38028	2764	1991	1900	1654	18340	29181											96	229121	175040	266969	237036	226430	205650	1104	1047	1102	1066	1016	1082	1057											97	812787	809883	823592	99	87	87	94	99	89	91	118	99	85																																																						
2:41:07	37.0																																																																																																					356	2984	2297	2485	221283	1558	11010	2295	2357	2217	154390	2062	183923	2391											93	106373	9275	1671	2120	1799	7245	2928	1819	2629	1711	1842	112078	1896											90	212272	370580	350012	226412	326752	21969	180231	141925	100081	42294	1139	110018	209356											98	372842	112409	354766	84374	351430	29181	40748	9221	52586	82445	27222	174291	80547											104	267247	268770	146475	350295	115338	323089	292874	18248	95877	312443	487697	258843	378133											84	18785	68102	1923	20733	71155	3724	1099	2203	46335	36054	3444	138496	295586											87	6327	4559	203855	2092	190942	1864	27761	32260	184930	170476	11143	41291	296629											95	135848	1667	200018	6378	2369	5141	38028	2809	2027	1885	1650	18565	29229											109	229189	174192	266675	237186	227436	206207	1131	1053	1102	1075	1031	1087	1043											100	812155	808786	823449	103	105	87	99	97	83	111	113	96	100																																																						
2:46:07	37.1																																																																																																					357	3107	2376	2534	221185	1624	11217	2258	2413	2167	154783	2089	183980	2470											99	107089	9392	1714	2186	1808	7140	2958	1984	2736	1775	1915	111720	1983											104	212287	370238	349595	224431	326748	22226	179303	141171	100064	42486	1235	110304	209814											112	371998	112073	356168	85079	350885	29117	40900	9007	52327	82475	27393	174657	81000											98	267294	267751	146577	348686	116132	322243	293196	18126	96143	312089	486457	257804	410900											98	18803	68132	1969	20876	71030	3791	1148	2267	46194	35986	3502	138715	294565											104	6325	4607	203292	2179	192153	2024	27730	31949	185142	169883	11318	40595	296672											101	137369	1692	199777	6442	2425	5178	38262	2810	2123	1894	1685	18370	29473											85	228361	174946	266970	237149	228459	205483	1169	1090	1115	1092	1077	1100	1120											95	808370	808169	822011	94	101	105	87	93	97	99	128	94	97																																																						
2:51:07	37.0																																																																																																					363	3262	2402	2599	221691	1640	11043	2341	2516	2276	154467	2137	184121	2484											97	106329	9400	1856	2231	1911	7291	3078	1999	2685	1759	1955	111397	1985											122	212304	369589	350006	224815	324685	22068	180487	141481	100680	42686	1221	110342	210029											107	370940	112645	355402	84566	349528	29298	40886	9169	52729	82395	27245	174601	80615											93	266626	267670	147336	349918	115709	321954	292778	18359	95998	311799	486266	257478	378284											100	18656	68580	1997	20870	71138	3963	1127	2244	46285	35681	3516	139545	294788											86	6258	4668	204746	2178	191700	2051	27773	31953	185842	170894	11220	41147	297247											101	136664	1781	200165	6528	2492	5201	38157	2881	2194	2064	1731	18445	29362											99	229495	173739	265239	236113	226699	205883	1210	1088	1161	1167	1093	1110	1058											92	811533	806978	817970	88	107	92	84	100	96	94	117	108	106																																																						
2:56:07	37.0																																																																																																					364	3281	2519	2699	221700	1673	11169	2439	2642	2339	155890	2235	184092	2664											102	106771	9415	1888	2329	1974	7339	3105	2101	2895	1889	1997	111764	2109											99	211816	368871	347841	224808	325547	22056	179098	141677	100446	42399	1249	110724	209652											95	371086	112113	355539	85272	349807	29148	40906	9237	52962	82985	27204	175681	80579											98	267151	268180	147026	348207	116320	323558	294385	18197	95787	310566	488454	257687	377531											95	18872	68255	2081	21122	71356	4020	1140	2429	46253	36314	3549	139236	293648											92	6369	4772	204991	2218	192304	2145	27667	31973	186143	171185	11264	40892	296954											103	136563	1773	200437	6687	2585	5300	38396	2978	2275	2082	1863	18575	29420											106	229045	173056	266838	236975	226931	205633	1215	1135	1206	1188	1133	1123	1111											101	809270	805285	815409	111	87	95	89	94	96	113	125	88	89																																																						
3:01:07	37.0																																																																																																					373	3436	2531	2797	222983	1711	11098	2474	2743	2452	155123	2324	184878	2706											99	107104	9435	1934	2374	2030	7411	3098	2158	2946	1963	2050	110916	2154											102	211242	369606	348271	224254	324110	22058	180685	142138	100590	42333	1276	110445	209874											96	370437	112783	355206	85395	348611	29129	40619	9055	52279	82938	27244	174532	80100											97	266970	267402	146756	349657	116644	322534	293569	18211	95558	311379	487551	256280	377158											88	18719	68557	2149	21103	71188	3953	1219	2445	46514	36209	3566	139615	294014											100	6434	4759	204233	2307	191527	2192	27450	32243	186317	171425	11103	40878	296819											104	136007	1843	201342	6651	2682	5369	38121	3070	2370	2151	1913	18534	29391											107	228319	173901	265923	237157	227020	204656	1261	1139	1190	1205	1139	1175	1136											99	807933	806577	818768	89	85	101	100	86	93	88	124	103	83																																																						
3:06:07	37.0																																																																																																					374	3389	2586	2850	223207	1776	11229	2572	2730	2524	155112	2357	185063	2857											94	107101	9495	1980	2553	2128	7287	3193	2193	2889	1966	2184	112632	2250											103	212832	369782	350591	225199	325114	22131	180198	142563	101070	42368	1322	111200	210919											107	371474	112628	356788	85104	351790	29340	40865	9323	52714	83325	27333	177114	81262											106	267843	268015	148220	351258	117024	323119	294126	18396	96165	312032	486990	257079	377787											80	18818	68897	2218	21268	71628	3995	1212	2536	46812	36169	3702	139872	294787											88	6470	4803	205161	2457	192901	2267	27801	32208	185866	170709	11421	41260	296790											98	135163	1858	202219	6765	2805	5349	38443	3059	2377	2230	2042	18459	29404											83	227860	173358	267744	238430	227839	205657	1294	1196	1219	1196	1199	1199	1220											95	807966	808432	821230	113	91	87	100	99	95	91	123	95	97																																																						
3:11:07	37.1																																																																																																					362	3570	2690	2910	222227	1726	11170	2692	2940	2583	155465	2429	184442	2889											91	107274	9717	2023	2522	2161	7504	3218	2267	3051	2030	2217	111818	2271											102	212674	368154	348196	225124	323579	22197	179430	141627	100641	42523	1358	110601	209347											97	371281	112938	355779	84805	350128	29342	40547	9145	52438	82581	27567	175445	80852											97	267125	267274	147535	347704	116226	322261	293264	18231	95445	310313	485051	256623	375542											101	18832	68572	2290	21072	71012	4107	1195	2666	46752	36003	3631	139516	292702											99	6579	4905	204209	2415	192404	2273	27548	32073	186084	171471	11219	41044	297794											109	135005	1928	201609	6747	2904	5413	38285	3246	2490	2291	2029	18437	29538											104	227099	172938	264086	236927	227060	204660	1329	1158	1267	1290	1187	1245	1186											100	809358	805705	818876	102	101	108	100	107	95	87	113	107	105																																																						
3:16:07	37.0																																																																																																					362	3743	2759	2975	222165	1744	11160	2750	2948	2603	156113	2536	185324	2948											93	106277	9557	2151	2633	2203	7310	3198	2396	3042	2123	2273	112169	2343											96	213250	367039	348377	224991	324099	22238	180147	143295	100957	42702	1398	110730	210339											104	370613	111979	354740	85176	350653	29204	40742	9360	52451	82581	27536	176031	80783											94	267416	267208	147671	349419	117015	322236	294312	18283	95927	311373	486057	256578	375836											89	18926	68869	2396	21398	71320	4254	1285	2704	46901	36098	3792	139393	293575											93	6576	4939	204082	2580	192525	2420	27677	32399	186415	171386	11248	41146	297115											78	135442	1951	200724	6880	2943	5519	38002	3301	2490	2255	2048	18655	29427											105	227614	172966	263680	236598	226028	205039	1333	1224	1258	1269	1157	1236	1269											111	805647	805919	818848	92	92	83	97	99	85	90	114	100	84																																																						
3:21:07	37.1																																																																																																					388	3716	2759	3054	222326	1788	11301	2742	3015	2737	154999	2634	185912	3106											100	107177	9662	2176	2688	2261	7442	3294	2394	3092	2121	2280	112200	2387											87	212052	368520	348809	225577	322770	22279	179475	142227	101470	42496	1365	110638	210150											94	370481	112610	353544	84346	350279	29247	40901	9462	52075	82468	27121	175918	80749											98	265945	268218	148334	348453	116570	322623	294095	18385	95511	311543	484921	257066	409575											108	19021	68610	2440	21595	71229	4286	1259	2825	47328	36104	3760	139627	292650											85	6664	4981	204191	2614	192817	2482	27738	32574	186688	170535	11288	41568	298039											91	134064	1976	201882	6879	3021	5653	37978	3330	2601	2409	2147	18548	29740											97	227749	172966	264764	236982	226998	205159	1387	1257	1288	1319	1251	1256	1241											82	806464	804357	818874	86	91	97	102	88	96	106	141	100	95																																																						
3:26:07	37.0																																																																																																					350	3775	2843	3064	222945	1766	11257	2859	3103	2793	155045	2647	184546	3182											93	106768	9639	2199	2792	2371	7495	3352	2510	3233	2263	2327	111853	2502											101	213177	365926	348827	224192	323468	22412	178608	142528	100771	42028	1498	110734	210114											84	369267	113107	355502	84547	347499	28955	40819	9349	51973	82682	27559	176603	80372											88	265891	266979	147873	347689	116488	321739	293930	18038	96108	310333	481474	255415	407195											102	19081	68838	2497	21477	71338	4412	1338	2886	46548	36154	3823	139855	293551											86	6676	5027	205442	2599	193458	2523	27640	32147	187976	171222	11266	41432	296891											88	133658	2039	201033	6913	3178	5694	38127	3383	2647	2425	2156	18693	29506											95	227104	172451	263650	236952	226923	205698	1395	1304	1346	1359	1273	1272	1357											89	804869	803779	814230	104	86	97	95	89	91	94	117	107	92																																																						
3:31:07	37.0																																																																																																					388	3895	2916	3254	221712	1896	11274	3004	3227	2774	156157	2812	185043	3248											89	106337	9748	2293	2879	2382	7492	3449	2595	3202	2257	2420	112639	2489											99	212138	369357	347026	225993	322407	22078	179684	143336	100863	42602	1489	110685	211275											98	368868	112934	354206	84442	347534	29251	41167	9252	52227	83142	27444	175673	80669											97	266360	267443	148062	349681	116639	323615	292939	18288	95655	308559	484528	255583	376447											89	18983	69211	2599	21516	70796	4394	1334	2954	47301	36263	3885	139109	293702											104	6682	5175	204744	2735	193049	2603	27424	32578	186447	172147	11381	41357	298505											83	133155	2057	200532	6890	3259	5671	37939	3414	2765	2536	2294	18896	29832											83	227162	172434	263767	235788	226422	204902	1463	1284	1348	1398	1276	1270	1292											100	804829	802181	813210	99	99	91	91	86	86	101	118	104	103																																																						
3:36:07	37.0																																																																																																					389	4121	2942	3278	223158	1883	11357	2994	3303	2819	156467	2765	186100	3327											87	106689	9719	2389	2944	2468	7444	3440	2664	3251	2317	2547	112508	2592											103	212446	367780	347205	225542	322225	22232	179142	143161	100745	42525	1540	111246	210117											90	369078	112119	353579	84638	348021	29032	40883	9291	52275	83794	27783	176784	80211											97	265097	267572	147427	346706	116475	321871	292610	18282	95865	308993	482162	255136	374290											90	19150	69016	2571	21646	71378	4489	1401	3001	47435	36567	3935	140161	291521											89	6779	5152	204433	2726	192892	2645	27628	32501	186925	171703	11379	41212	299282											93	133652	2156	200776	7046	3286	5755	38082	3560	2873	2642	2321	18788	29516											99	226735	172189	264216	236580	225863	204380	1508	1321	1361	1365	1308	1300	1368											107	801125	800361	814841	101	95	100	93	101	97	96	122	80	96																																																						
3:41:07	37.0																																																																																																					366	4163	3002	3419	222814	1918	11280	3114	3540	2899	155827	2897	184249	3462											95	106332	9738	2382	3014	2557	7447	3540	2683	3338	2370	2650	112622	2661											108	213010	366609	346236	224031	322241	22210	178745	142439	100607	42345	1543	110603	209945											104	368794	113180	352439	84047	347824	29171	40775	9423	52186	83256	27694	176238	80026											85	264386	267074	148022	347236	117138	321436	293851	18370	96385	310283	484233	254733	372375											98	19053	69273	2723	21450	70527	4535	1408	3069	47174	36222	3986	139440	291835											90	6745	5255	203153	2750	192216	2695	27672	32149	185862	170187	11196	41293	296824											96	133160	2159	200759	7095	3455	5826	38168	3632	2902	2696	2406	18844	29621											81	225910	171187	262696	236958	224920	205153	1483	1477	1349	1422	1323	1376	1372											97	803888	801133	814764	86	85	100	92	95	95	91	119	88	99																																																						
3:46:07	37.0																																																																																																					357	4292	3156	3437	223429	1950	11284	3164	3500	3000	156479	3029	185701	3579											96	106778	9847	2559	3131	2703	7629	3572	2781	3381	2417	2658	112838	2733											98	214214	366600	348868	225304	322081	22403	179995	143912	101334	42548	1568	111395	211577											101	369502	112728	353308	84938	348453	29466	40652	9410	52276	83142	27376	176348	80513											96	266052	267495	148053	346543	117629	323035	293539	18385	95617	309851	483683	253883	375308											102	19187	69384	2769	21521	70642	4533	1427	3206	47275	36363	3980	139850	291913											103	6790	5313	204627	2903	192809	2794	27967	32580	187370	171325	11407	41454	298600											95	133352	2176	200232	7144	3524	5959	38137	3605	3019	2744	2451	18941	29717											91	226699	172684	261843	236572	226078	205171	1543	1354	1426	1402	1345	1434	1393											107	805690	804763	816987	101	95	104	82	93	98	100	119	85	90																																																						
3:51:07	37.0																																																																																																					374	4391	3252	3507	222846	1939	11607	3250	3605	3171	156535	3111	185311	3591											97	106492	9854	2481	3189	2746	7639	3663	2853	3417	2501	2764	113376	2805											103	213629	365913	348565	223815	321707	22317	180324	143771	101523	42797	1647	111197	211176											106	369458	113146	353225	84780	347110	29045	40569	9546	52172	83143	27676	177823	80716											98	265653	266112	147875	345153	117327	322399	293628	18415	95313	309568	482817	254542	373952											88	19233	69020	2850	21743	70667	4660	1492	3299	47343	36276	3987	139637	291577											83	6855	5386	204496	2933	192883	2821	27858	32479	187852	172051	11504	41696	298241											103	132564	2220	200398	7198	3602	6025	38037	3789	3008	2787	2481	19015	29706											106	226477	172032	263357	236327	226337	205978	1603	1384	1476	1514	1371	1426	1403											93	799298	799637	815208	90	88	92	110	93	81	94	134	98	93																																																						
3:56:07	37.0																																																																																																					363	4448	3250	3645	223721	1932	11395	3408	3602	3209	155410	3103	185853	3722											93	106356	9854	2629	3317	2787	7622	3603	2928	3442	2533	2755	113129	2834											105	213061	364542	347193	224128	319027	22228	178517	143055	100584	42460	1662	110246	210155											119	368060	113054	351861	85255	346959	28919	40645	9380	51597	82566	27517	177049	79872											100	264460	266165	148211	347494	117894	320560	291916	18364	95212	308993	481503	254037	373348											106	19373	69365	2896	21628	70563	4668	1530	3375	47243	36339	4068	139907	291557											100	6981	5469	204707	2999	193513	2974	27690	32502	188678	170857	11709	41658	297194											94	132301	2348	200244	7438	3681	6054	37822	3815	3109	2788	2576	19003	30002											97	225784	171809	262735	236558	224757	203568	1591	1454	1510	1495	1378	1468	1458											115	799222	801965	810784	94	83	102	100	103	88	100	114	89	86																																																						
4:01:07	37.1																																																																																																					365	4516	3330	3773	223817	2007	11463	3449	3757	3232	155861	3214	186071	3746											101	106593	9999	2604	3331	2902	7652	3725	2939	3465	2572	2898	112866	2984											92	213338	365998	346985	225047	320682	22400	179159	143157	101084	42209	1700	111195	210140											91	370021	113390	352957	84842	346608	29195	40898	9440	52182	82755	27925	176995	80535											92	264472	265666	148542	345919	117512	321645	292797	18493	95352	309474	480968	254639	375529											103	19288	69216	3000	21615	71081	4781	1526	3392	47244	36311	4185	140730	290358											90	6860	5442	204145	3124	193312	3009	27812	32799	187206	171755	11497	41490	297938											83	132833	2268	199806	7365	3756	6085	37941	3956	3132	2937	2641	19116	29565											100	227087	170595	262259	236621	225879	204957	1640	1457	1528	1437	1436	1505	1420											91	800902	801245	810625	101	86	94	90	99	87	99	121	103	93																																																						
4:06:07	37.1																																																																																																					363	4705	3458	3761	222879	2041	11379	3588	3849	3274	155526	3274	186419	3926											83	106189	10058	2748	3349	2844	7796	3742	3057	3577	2646	2902	112562	2967											93	212806	364478	346208	225597	321221	22438	178586	143169	101881	42503	1791	110658	210037											96	366346	112638	351539	84300	345379	29255	40485	9677	52289	84061	27705	177028	80509											80	264627	265736	148285	345816	117081	321379	292596	18358	95447	309360	480704	253531	373090											92	19378	69548	3022	21632	70808	4911	1503	3507	47056	36391	4207	139631	289990											96	7029	5537	205234	3183	192119	3071	27797	32800	187383	170645	11573	41753	298145											87	132248	2380	199525	7481	3892	6204	38220	4039	3268	2921	2683	19152	29754											96	225808	171499	261199	235483	225124	204604	1652	1492	1564	1520	1465	1439	1510											88	798883	796447	812152	108	90	107	96	93	92	97	140	97	86																																																						
4:11:07	37.0																																																																																																					404	4673	3550	3878	223131	2113	11527	3603	3907	3357	156537	3351	187256	3998											100	106129	10001	2833	3503	2993	7803	3794	3140	3621	2717	3105	112412	3059											82	213979	364967	345810	224065	321522	22529	178453	143243	101200	42411	1812	110412	211315											101	367627	113075	350999	84152	346186	29487	41019	9498	52127	82902	27674	176931	80490											96	262971	265639	148194	346046	117876	321309	292372	18476	95991	309582	483304	255057	374268											95	19590	69120	3159	21835	70561	4980	1588	3534	47679	36360	4163	139742	291214											107	7081	5593	204430	3270	192541	3173	27940	32718	187845	173250	11499	41900	298779											110	132431	2479	199353	7697	3957	6267	38162	4014	3422	3041	2740	19169	29778											98	226378	170964	261466	235437	225311	205071	1719	1472	1555	1585	1449	1520	1497											84	798103	798416	808737	100	85	94	108	81	96	108	113	77	97																																																						
4:16:07	37.1																																																																																																					370	4826	3636	3925	223697	2118	11539	3720	3925	3430	156765	3530	185443	4139											91	106488	10041	2815	3578	3125	7792	3813	3192	3606	2766	3115	112981	3119											95	214318	363994	346854	224385	319824	22380	178612	143544	101402	42679	1856	110958	211224											97	368175	113360	351179	84548	345750	29303	40868	9512	52381	83418	27900	178332	80390											85	265943	265709	147783	346403	117336	322100	292066	18512	95910	308191	481373	254269	373089											92	19647	69318	3158	21820	70524	5139	1545	3657	47611	35944	4203	139369	290711											110	7023	5626	205823	3249	193059	3259	28209	32555	188609	171358	11602	41848	299621											110	133293	2500	200255	7677	4057	6161	38023	4137	3411	3072	2816	19291	29815											115	225319	170767	261142	234491	225178	204774	1687	1476	1609	1549	1511	1541	1538											100	799161	793505	805808	116	112	80	87	105	95	96	115	87	102																																																						
4:21:07	37.0																																																																																																					385	4997	3711	4057	224250	2128	11667	3767	4099	3614	157023	3592	186042	4184											89	107350	10126	2874	3667	3094	7882	3841	3197	3614	2791	3148	113129	3144											96	215124	365166	347923	224915	320452	22472	179573	143176	101009	42669	1879	111138	210752											98	369713	113643	352892	85153	347636	29165	41117	9586	52363	83274	27946	177742	80579											99	265253	265005	149623	347032	118598	323210	294208	18475	95422	310266	482484	254832	374893											107	19750	69629	3190	21838	70571	5106	1559	3848	47672	36712	4294	141009	289879											85	7175	5759	205249	3276	192861	3315	27859	32681	188503	171863	11639	41966	298402											87	132462	2555	200343	7734	4086	6324	38188	4179	3505	3206	2888	19227	29913											79	227325	171959	261986	235527	226881	204740	1678	1553	1606	1634	1506	1540	1553											108	800951	796604	808164	103	92	92	103	110	107	90	128	90	91																																																						
4:26:07	37.0																																																																																																					363	5219	3706	3992	223945	2166	11641	3994	4101	3587	157189	3637	186097	4261											96	105938	10356	2989	3659	3240	7759	3860	3357	3718	2859	3145	113562	3265											89	213590	364104	346024	223802	320781	22673	179293	144327	101668	42646	1938	111111	210983											106	366995	113409	352432	84767	346547	29429	40730	9718	52076	83226	27941	177777	80539											91	265815	266733	149136	346622	117941	322429	293071	18507	95622	309533	479656	254573	374340											96	20063	69325	3295	21806	70194	5092	1663	3924	47206	36464	4323	140358	290113											95	7135	5825	205187	3392	193026	3382	28049	32681	188567	172317	11665	41855	298617											104	132471	2503	199017	7795	4202	6398	38109	4338	3472	3294	2937	19470	29714											100	225965	171267	260531	235641	225629	204822	1749	1590	1685	1667	1553	1609	1561											96	799110	796191	808089	108	105	88	94	95	101	115	119	88	98																																																						
4:31:07	37.0																																																																																																					397	5304	3816	4206	224655	2200	11724	3949	4258	3662	157755	3747	186104	4409											87	106241	10128	2995	3885	3210	8063	3926	3378	3754	2957	3415	112747	3228											98	213857	364082	347390	224159	318685	22573	177908	143992	101455	42377	1989	110578	210828											79	366851	113489	351266	84826	345690	29267	40879	9699	52156	83494	27778	177297	80245											94	265501	265510	149021	346034	117995	323169	291585	18532	94982	308573	479623	253155	372684											97	19694	69145	3429	21795	70558	5256	1670	3946	47577	36397	4310	140246	289459											95	7096	5819	204777	3400	193331	3464	27663	32475	188413	171870	11700	41731	299560											110	132481	2656	200584	7925	4200	6465	38147	4304	3611	3250	2930	19473	29858											105	225848	170643	260418	236189	224910	205617	1742	1578	1709	1631	1532	1607	1632											113	794459	796010	808552	99	99	83	90	97	95	101	124	83	107																																																						
4:36:07	37.0																																																																																																					383	5254	3817	4216	223844	2229	11773	4093	4312	3793	156836	3807	185703	4522											99	106733	10257	3121	3932	3318	7843	3916	3346	3781	3027	3443	112505	3347											117	213164	362259	344745	224016	319406	22610	178177	143849	101563	42265	2083	110410	210275											97	368473	113020	350637	84691	346788	29526	41205	9705	51991	83558	27946	178077	80406											92	263990	264935	148939	344405	118570	321736	291806	18516	95587	307906	481229	253786	371239											100	19913	69481	3442	21850	69938	5448	1701	4051	47826	36569	4419	140777	288604											85	7302	5915	204205	3497	192874	3452	28174	32861	187895	172418	11650	41942	298941											92	132181	2726	199321	8044	4384	6539	38136	4504	3706	3408	3000	19591	30071											84	224751	171406	261548	234919	224768	204319	1811	1646	1680	1680	1586	1590	1619											97	794241	792471	806877	104	88	101	99	93	84	91	103	108	90																																																						
4:41:07	37.1																																																																																																					411	5440	3989	4392	224614	2219	11643	4219	4433	3717	157353	3927	186113	4673											85	106225	10241	3121	3995	3402	8020	3991	3525	3788	3074	3369	113076	3413											100	214271	363413	345725	223975	320487	22669	178785	143584	101030	42411	1998	110732	210595											97	367018	113241	352222	84912	345084	29219	40844	9769	52187	83705	27779	177699	79898											83	265162	265972	148966	345153	117835	321040	292517	18582	95687	309677	479129	252970	371718											79	19868	69503	3584	21948	70686	5453	1731	4141	47562	36573	4478	140703	289178											94	7276	5895	204741	3642	193493	3483	27867	32958	188285	172272	11774	42075	298602											91	132792	2738	199705	8041	4566	6590	38318	4526	3842	3283	3070	19705	30176											110	224827	171031	259745	234946	226374	203919	1727	1649	1760	1700	1555	1629	1611											98	796376	790487	806333	87	99	91	96	91	95	91	127	96	105																																																						
4:46:07	37.1																																																																																																					378	5554	4034	4375	224464	2273	11869	4321	4539	3930	157470	3950	186280	4593											96	106484	10337	3281	4033	3431	8020	4045	3627	3992	3147	3437	113593	3500											106	213872	365221	347371	225138	319912	22626	179262	145315	101604	42185	2113	111282	210831											109	368817	113208	351071	84852	346522	29278	41248	9723	52270	83275	28046	178526	80405											106	263780	265986	149015	347538	118792	322610	293001	18664	95932	308212	481875	253799	371367											103	20041	69898	3620	21813	70065	5537	1708	4247	47814	36686	4526	141347	290469											102	7285	5954	204689	3733	192884	3647	28205	33171	188776	172571	11766	42151	298798											88	132882	2772	198871	8083	4643	6547	38459	4606	3847	3390	3175	19846	30089											101	224734	170960	260629	236581	225467	205159	1802	1664	1693	1728	1615	1639	1654											106	796583	795852	809687	107	94	96	92	86	88	105	126	92	93																																																						
4:51:07	37.1																																																																																																					381	5550	4185	4408	223734	2285	11844	4322	4616	3932	157205	4031	185739	4813											108	106211	10388	3246	4215	3440	7904	4108	3693	3855	3181	3547	113772	3577											97	214332	363670	346215	224191	321631	22880	178207	144469	101428	42414	2203	110517	210292											105	365026	112991	350686	84627	344470	29469	41060	9880	52271	82867	28144	178393	80102											91	262588	264812	149101	343997	117883	320381	292305	18564	95230	308046	480293	254034	371354											93	20065	69331	3752	21983	70373	5731	1764	4338	47751	36774	4611	140695	288989											90	7375	6012	205179	3780	193286	3764	28094	32976	189569	172725	11851	41974	299118											93	132498	2798	199304	8237	4685	6603	38191	4652	3877	3512	3216	19830	30211											95	224820	170858	259477	235434	224500	203715	1877	1648	1805	1730	1665	1650	1734											107	795886	796178	806801	102	104	92	99	91	87	111	121	96	100																																																						
4:56:07	37.0																																																																																																					393	5688	4183	4618	223776	2346	11900	4357	4573	3995	157148	4122	186746	4877											95	106599	10367	3264	4235	3599	7957	4170	3805	4022	3296	3591	113146	3608											96	213366	363197	346104	223507	319238	22526	178208	143741	101928	42792	2146	109919	210464											99	365704	112807	350627	84535	344862	29453	40946	9918	52088	83541	27839	178014	80178											104	263656	264638	149404	343983	118565	320576	291024	18487	94814	307446	479396	251986	370304											99	20175	69130	3807	22125	70332	5677	1799	4392	47933	36745	4679	140773	289452											94	7328	6142	205750	3833	193817	3800	28174	33025	188552	172094	11736	41859	299279											89	132552	2882	199045	8290	4759	6681	38496	4743	3905	3582	3234	19734	29658											108	224438	170362	260609	236237	225051	204768	1860	1657	1785	1779	1661	1703	1735											98	793863	791171	802751	105	111	96	108	95	90	113	123	95	98																																																						
5:01:07	37.0																																																																																																					372	5848	4340	4633	223921	2296	11950	4515	4779	4043	157440	4219	187162	4974											95	106642	10413	3421	4319	3629	8099	4253	3742	4015	3340	3701	113266	3625											98	214791	365177	346987	224104	319788	22830	179339	143984	101526	42381	2244	110513	211092											99	366435	113701	350326	85115	343800	29553	41238	9884	52461	83877	28116	177925	79892											91	264354	266154	149120	345623	118370	322300	292901	18404	96149	308951	481336	253880	371125											88	20007	69271	3834	22204	71148	5689	1830	4444	47968	36693	4677	140740	288529											73	7436	6149	205662	3879	192461	3928	28359	33171	188170	171473	11967	41660	299416											106	132380	2973	199356	8249	4776	6760	38535	4909	4080	3632	3305	19953	30242											116	224668	170346	261614	235920	224837	204186	1945	1722	1830	1758	1695	1786	1758											101	797842	793402	806200	101	86	92	83	80	107	102	129	92	93																																																						
5:06:07	37.0																																																																																																					389	6022	4323	4660	225244	2372	11932	4653	4873	4053	157837	4289	186923	5171											100	106410	10596	3404	4351	3690	8095	4196	3895	3970	3323	3782	113570	3787											118	213863	362238	347730	222866	320636	22937	178725	143767	101773	42693	2380	111233	211087											89	366547	112667	349373	84421	343863	29574	40952	9916	52398	83045	28103	177966	80073											86	263655	265682	147972	344640	118267	321912	292554	18764	95516	309088	478658	252785	372536											91	20232	69772	3900	22282	70525	5922	1804	4530	47913	36727	4733	141238	290080											94	7365	6292	205368	3915	193965	3928	28109	32877	188893	172222	11885	42108	299694											107	132195	2979	199504	8361	4943	6845	38398	4966	4231	3684	3329	20161	30409											114	225240	170550	260088	235759	224287	204128	1984	1816	1806	1839	1686	1752	1776											111	791784	795909	805349	91	99	91	98	82	86	97	125	102	95																																																						
5:11:07	37.0																																																																																																					360	6015	4453	4719	225181	2396	11999	4693	4946	4322	157287	4507	187126	5140											104	106341	10666	3489	4526	3758	8052	4317	3915	4055	3411	3795	113923	3786											114	215199	362912	346129	223991	320925	22862	178409	144518	102160	42809	2416	110102	210716											106	367168	112925	349991	84915	345003	29567	41385	10163	51976	83365	28122	177704	80567											92	264609	264869	148619	344736	118311	321488	292981	18684	96002	309600	478070	253198	371859											99	20182	69433	4018	22252	71125	6024	1851	4704	48346	37147	4791	140484	289226											92	7447	6124	204695	4049	194043	4081	28316	33057	189887	170991	12025	42328	299390											86	131672	3094	199858	8518	5045	6775	38869	5006	4284	3659	3371	20132	30164											105	225071	170667	259844	236170	224718	204439	1962	1724	1814	1860	1718	1747	1812											101	795498	791998	802898	104	90	97	79	94	88	92	123	99	90																																																						
5:16:07	37.0																																																																																																					378	6043	4518	4759	223532	2380	12005	4866	5009	4158	158231	4485	187048	5357											101	106271	10752	3554	4632	3725	8202	4349	4018	4110	3478	3915	113645	3821											99	214188	363270	344342	224156	319556	22828	177987	144333	101602	42343	2409	110013	211031											97	366374	113206	349469	84866	342751	29416	40883	9926	52123	83508	28180	178085	80370											100	263738	265667	148503	344358	118028	321585	292051	18619	95240	307032	479169	253053	370491											93	20040	69670	4086	22239	70459	6046	1891	4729	48155	37046	4806	140804	287682											92	7384	6344	205919	4137	194018	4067	28413	32969	189465	172368	11974	42456	298809											116	132131	3095	198873	8805	5113	6953	38996	5168	4272	3776	3372	20103	30427											87	225092	170801	259794	235549	224493	204313	1971	1760	1891	1894	1720	1788	1834											92	797084	792742	801438	94	82	99	96	95	109	97	131	87	88																																																						
5:21:07	37.0																																																																																																					398	6179	4471	4891	224588	2436	11985	4900	5001	4414	158645	4629	187845	5418											88	106673	10678	3635	4783	3926	8031	4297	4035	4111	3574	3953	113453	3906											101	214879	363858	344944	224391	318288	22789	179461	144351	101735	42492	2463	110687	211033											113	367709	113518	351186	85064	344984	29566	41274	10053	52328	83840	28136	179599	81095											103	264645	266112	149458	346250	118897	322104	292043	18684	95846	308378	479318	253183	373313											86	20355	69830	4185	22373	70629	6105	1895	4815	48314	37024	4887	141636	289025											93	7563	6470	205362	4221	194288	4238	28493	33284	189270	171754	12029	42130	298868											95	132530	3015	197943	8805	5137	6980	38849	5196	4456	3694	3407	19902	30369											94	224805	170656	259972	236289	225010	204895	1976	1791	1898	1861	1796	1837	1815											89	798272	794225	804993	108	110	91	85	88	105	113	129	83	97																																																						
5:26:07	37.1																																																																																																					373	6380	4532	4974	224156	2476	12046	4977	5156	4451	157291	4736	186836	5544											89	105663	10765	3679	4704	4151	8221	4335	4155	4198	3655	4078	114126	4101											93	214646	362837	346694	223955	319296	22762	178102	144405	101816	43058	2530	109803	209590											106	367712	113073	350382	84654	344383	29728	41289	10041	52363	83509	28389	178329	80746											100	264129	264215	148818	344926	118023	319917	291638	18801	96173	308058	474859	251771	369685											103	20377	69667	4243	22267	70426	6202	1881	4896	48285	36885	4929	140959	287737											88	7534	6422	205445	4197	193734	4278	28100	33265	189627	171685	12020	42263	299414											99	131005	3228	198406	8882	5198	6944	38672	5269	4492	3930	3606	20124	30079											100	223888	170619	259519	235176	225109	204674	1989	1794	1933	1921	1802	1877	1840											102	796903	789469	801713	95	98	117	90	108	95	103	117	95	86																																																						
5:31:07	37.0																																																																																																					362	6544	4647	5076	224859	2426	12020	5084	5386	4569	157391	4754	186885	5736											97	106180	10809	3872	4954	3985	8209	4414	4352	4255	3721	4158	113902	4135											93	214378	361429	345318	223770	319402	23226	178576	144662	102053	42557	2579	110503	211405											93	366368	113222	349044	84128	344988	29834	41078	10095	51897	83358	28384	178988	80441											102	264130	264238	148940	344447	118594	320368	292110	18654	95704	307038	479483	252332	368640											87	20364	69945	4338	22382	70282	6272	1910	4986	48242	37151	4960	140366	288557											110	7624	6543	205434	4290	192983	4373	28222	33297	188897	172005	12274	41883	299177											99	131384	3252	198553	8984	5361	6921	38715	5320	4537	3929	3589	20195	30362											96	225116	171015	259103	235524	223774	204242	2011	1794	1892	1944	1825	1850	1825											97	793839	793563	803125	100	100	88	96	91	101	98	102	99	86																																																						
5:36:07	37.0																																																																																																					379	6577	4776	5202	224652	2512	12274	5138	5382	4644	157147	4944	187206	5792											92	106290	11038	3730	4909	4163	8106	4479	4218	4317	3736	4162	114125	4108											100	214335	363259	344450	223001	318532	23121	178215	144372	102430	42560	2646	109616	210025											93	367146	113970	349001	84573	345163	29786	41125	10231	52647	83567	28122	178351	80482											84	263810	263820	149169	343679	118380	321817	291733	18713	95283	307838	478058	251716	369751											70	20483	69857	4415	22580	70933	6451	1987	5045	48251	37015	5052	140396	287632											95	7505	6582	204647	4408	193829	4394	28396	33401	190461	172645	12157	42608	299127											100	131846	3348	199393	8938	5405	7105	38755	5495	4713	3859	3526	20292	30331											100	223797	169830	259430	235114	225154	204452	2048	1830	1985	1970	1817	1895	1863											98	794234	790595	805284	94	102	85	80	90	103	110	104	100	108																																																						
5:41:07	37.1																																																																																																					370	6656	4787	5203	225495	2449	12162	5211	5516	4817	157408	5039	187547	5974											109	106230	10888	3827	5106	4176	8124	4453	4435	4300	3735	4352	114715	4322											105	214136	362042	346216	223199	319087	22947	178651	145007	101920	42890	2649	110262	210480											89	364682	112732	347226	84578	343519	29520	41067	10132	52030	83754	28141	178272	80287											106	262448	264086	148318	344827	118643	321361	291043	18882	95427	306956	477126	254079	370795											103	20378	69296	4372	22323	70294	6425	2000	5251	47778	37253	5144	140959	287787											100	7731	6631	204754	4481	193269	4401	28611	33109	188832	171198	12011	42401	298535											99	131924	3400	198546	9146	5447	7086	39120	5647	4646	4006	3696	20567	30307											109	224238	170174	258896	234930	224518	203757	2082	1872	2002	1966	1855	1894	1900											99	788610	787929	801134	98	85	94	99	102	87	101	131	104	102																																																						
5:46:07	37.0																																																																																																					385	6830	4844	5340	224381	2526	12203	5253	5579	4872	158456	5061	187145	6046											102	106687	10949	3875	5230	4260	8309	4442	4369	4273	3891	4308	113867	4211											104	214587	363332	345395	223218	318700	23278	178178	144875	102192	42703	2771	111153	212116											99	367289	113176	346902	84703	344006	29816	40863	10223	52192	83194	28307	179758	80542											104	263458	264387	149487	344016	118067	320718	291774	18965	95435	308735	479018	253638	371575											92	20703	69501	4582	22452	70698	6654	1988	5277	48212	37294	5142	140492	289310											94	7700	6656	205324	4552	193815	4571	28312	33160	189430	172165	12193	42192	300098											88	131397	3464	199654	9222	5561	7090	38923	5650	4790	4016	3736	20400	30339											96	224203	169907	258296	234796	223286	204267	2069	1852	2014	2005	1823	1897	1886											81	793369	789386	800534	86	84	94	106	107	106	106	113	103	90																																																						
5:51:07	37.1																																																																																																					371	6940	4951	5357	225489	2558	12248	5367	5660	4971	157664	5232	187716	6152											99	106155	11102	4021	5218	4306	8402	4521	4514	4411	3987	4446	113770	4356											90	214969	363679	346018	224052	319686	23432	179428	145388	102744	42888	2790	110837	211103											89	367183	113103	349117	84499	345269	29974	41253	10243	52438	83969	28117	179344	80253											103	263458	265079	150048	345962	118148	322797	292897	18813	95815	307707	481791	253134	372590											99	20720	69910	4681	22630	70802	6712	2035	5379	48023	37241	5211	141086	289658											88	7745	6714	204554	4576	194218	4664	28611	33654	189187	172636	12186	42370	300377											92	132261	3496	199627	9298	5584	7199	39336	5860	4886	4106	3753	20642	30800											102	223567	170417	258910	234942	224281	204224	2127	1919	1988	1981	1892	1995	1952											87	793823	792308	803275	105	90	88	93	93	96	100	132	101	92																																																						
5:56:07	37.0																																																																																																					362	6978	5126	5497	225744	2498	12358	5477	5805	5068	157694	5299	187097	6207											96	106197	11100	4043	5325	4295	8389	4584	4614	4346	4043	4376	114480	4448											95	214558	363860	345340	224553	318494	23191	178525	144943	102389	42933	2903	110393	210912											112	366914	114277	348742	84683	345676	29662	41103	10309	52167	83618	28281	179225	80757											96	264368	266484	149505	345672	118816	321695	292619	18802	96192	307824	481098	252838	373233											83	20764	70473	4815	22777	70652	6840	2031	5472	48334	37339	5137	141478	289599											106	7775	6730	206775	4696	194419	4753	28832	33178	188634	172864	12272	42709	300313											102	131682	3521	199237	9271	5805	7279	39129	5838	4865	4146	3843	20675	30661											96	223748	169756	260146	235338	223934	204030	2223	1917	1981	2019	1944	1929	1985											95	794338	789710	806749	102	90	89	98	91	80	100	131	78	77																																																						
6:01:07	37.0																																																																																																					376	7033	5251	5523	224733	2614	12228	5537	5766	5108	157784	5365	187232	6462											96	106080	11144	4100	5401	4463	8424	4637	4653	4475	4088	4599	113996	4459											92	214532	361709	344744	223381	318839	22702	177767	144764	102067	42434	2912	110256	211295											97	367090	113884	347546	84323	342696	29947	41073	10258	52155	83648	28390	178558	80631											85	262293	263659	148482	343104	118738	319991	290607	19089	94988	307124	477315	251513	369941											86	20410	69852	4856	22517	71072	6788	2091	5584	47701	37120	5300	140866	286461											81	7761	6902	205199	4752	192773	4844	28616	33275	190006	172065	12259	42083	298859											97	131839	3541	198764	9355	5757	7378	38985	5947	5060	4168	3838	20610	30503											103	223732	170044	259273	234966	223209	203203	2193	1885	1997	2066	1925	1990	1931											95	789963	786945	801006	118	97	92	95	95	96	100	116	100	93																																																						

