CDK

	Protocol		PURE Timeseries
Experiment File Name:	20260309-123116-cytation5-pure-timecourse-gfp.xpt		
Experiment File Path:	C:\Users\bnext\Documents\Biotek\experiments\20260309-123116-cytation5-pure-timecourse-gfp.xpt		
Protocol File Path:	C:\Users\bnext\Documents\Biotek\protocols\cytation5_protocols\cytation5-pure-timecourse-gfp.prt		
Protocol File Name:	cytation5-pure-timecourse-gfp		
Reading Date/Time:	3/9/2026 12:31:16 PM		
Plate Number:	Plate 1		
Plate ID:			
Barcode:			
Reader Serial Number:	1705168		
Plate Comment:			
Reader Type:	Cytation5		

Procedure Summary

Plate Type	Greiner 384 SV NoBind AutoMap
Well Selection	Runtime
Eject plate on completion	
Set Temperature	Temperature:  Setpoint 37 °C
Start Kinetic	Start Kinetic [Run 6:00:00, Interval 0:05:00]
Read	Read:  GFP-G70 (F) 485,528
Read	Read:  GFP-Gext (F) 485,528
End Kinetic	End Kinetic
Set Temperature	Temperature:  Off

PURE:GFP-Gext:485,528

Time	T° GFP-Gext:485,528	A1	A2	A3	A4	A5	A6	A7	A8	A9	A10	A11	A12	A13	A14	A15	A16	A17	A18	A19	A20	A21	A22	A23	A24	B1	B2	B3	B4	B5	B6	B7	B8	B9	B10	B11	B12	B13	B14	B15	B16	B17	B18	B19	B20	B21	B22	B23	B24	C1	C2	C3	C4	C5	C6	C7	C8	C9	C10	C11	C12	C13	C14	C15	C16	C17	C18	C19	C20	C21	C22	C23	C24	D1	D2	D3	D4	D5	D6	D7	D8	D9	D10	D11	D12	D13	D14	D15	D16	D17	D18	D19	D20	D21	D22	D23	D24	E1	E2	E3	E4	E5	E6	E7	E8	E9	E10	E11	E12	E13	E14	E15	E16	E17	E18	E19	E20	E21	E22	E23	E24	F1	F2	F3	F4	F5	F6	F7	F8	F9	F10	F11	F12	F13	F14	F15	F16	F17	F18	F19	F20	F21	F22	F23	F24	G1	G2	G3	G4	G5	G6	G7	G8	G9	G10	G11	G12	G13	G14	G15	G16	G17	G18	G19	G20	G21	G22	G23	G24	H1	H2	H3	H4	H5	H6	H7	H8	H9	H10	H11	H12	H13	H14	H15	H16	H17	H18	H19	H20	H21	H22	H23	H24	I1	I2	I3	I4	I5	I6	I7	I8	I9	I10	I11	I12	I13	I14	I15	I16	I17	I18	I19	I20	I21	I22	I23	I24	J1	J2	J3	J4	J5	J6	J7	J8	J9	J10	J11	J12	J13	J14	J15	J16	J17	J18	J19	J20	J21	J22	J23	J24	K1	K2	K3	K4	K5	K6	K7	K8	K9	K10	K11	K12	K13	K14	K15	K16	K17	K18	K19	K20	K21	K22	K23	K24	L1	L2	L3	L4	L5	L6	L7	L8	L9	L10	L11	L12	L13	L14	L15	L16	L17	L18	L19	L20	L21	L22	L23	L24	M1	M2	M3	M4	M5	M6	M7	M8	M9	M10	M11	M12	M13	M14	M15	M16	M17	M18	M19	M20	M21	M22	M23	M24	N1	N2	N3	N4	N5	N6	N7	N8	N9	N10	N11	N12	N13	N14	N15	N16	N17	N18	N19	N20	N21	N22	N23	N24	O1	O2	O3	O4	O5	O6	O7	O8	O9	O10	O11	O12	O13	O14	O15	O16	O17	O18	O19	O20	O21	O22	O23	O24	P1	P2	P3	P4	P5	P6	P7	P8	P9	P10	P11	P12	P13	P14	P15	P16	P17	P18	P19	P20	P21	P22	P23	P24
0:00:23	28.9																																																																																																																																																								383	544	491	477	366	304	293	362	333																336	325	317	293	377	338	323	385	369																345	282	350	292	377	361	349	378	300																317	357	322	307	403	292	335	275	303																952394	877588	865969	860134	88	108	107	109	113																																																																																																																																
0:05:23	34.5																																																																																																																																																								341	538	483	462	342	289	317	360	295																291	316	316	319	345	314	295	367	364																336	256	334	294	334	319	320	351	290																301	308	324	279	337	243	327	297	283																921012	850124	839934	833161	99	96	97	94	116																																																																																																																																
0:10:23	37.0																																																																																																																																																								401	595	479	435	501	259	332	792	400																497	328	331	292	328	336	293	417	375																328	303	398	319	331	371	371	307	300																300	279	317	283	492	295	284	341	283																893144	827769	817550	806678	108	91	99	108	102																																																																																																																																
0:15:23	37.0																																																																																																																																																								878	1266	544	545	2032	252	482	4095	1357																2207	546	569	320	352	436	351	994	1025																503	413	1132	907	521	881	694	320	343																330	361	392	272	1569	1082	292	941	334																861832	795299	781406	768832	97	97	89	110	110																																																																																																																																
0:20:23	37.0																																																																																																																																																								2301	3182	736	949	7159	252	901	13276	3786																7403	939	1051	408	438	742	496	2757	2968																885	699	3738	3129	1106	2810	1336	365	628																638	866	478	309	4352	3291	298	2914	460																839338	761698	756811	741501	112	105	99	90	109																																																																																																																																
0:25:23	37.0																																																																																																																																																								4621	6331	1150	1568	16772	246	1555	27442	7568																16655	1499	1647	483	586	1101	905	5721	6592																1391	961	9352	7582	2222	6272	2243	338	1008																1382	2092	607	615	8899	6762	296	6514	764																822793	746839	740488	726517	101	94	95	100	95																																																																																																																																
0:30:23	37.0																																																																																																																																																								7460	10395	1801	2539	30111	242	2219	45826	11809																29618	1905	2190	584	693	1563	1417	9591	11721																1944	1261	17825	14337	3853	11572	3155	349	1294																2519	3968	690	1190	14243	11295	320	11988	1159																811081	739591	729067	716655	92	94	91	88	104																																																																																																																																
0:35:23	37.0																																																																																																																																																								10722	15087	2598	3700	48670	265	2788	67216	16810																46020	2266	2746	607	757	1944	1735	13999	17904																2366	1513	28781	22993	5771	17659	3996	345	1770																3701	6192	748	1878	20318	16520	301	18648	1670																804688	732815	723324	710714	96	103	94	85	104																																																																																																																																
0:40:23	37.0																																																																																																																																																								13827	20160	3679	5017	73232	242	3363	92340	21635																66660	2536	3220	672	847	2276	2190	18823	23852																2567	1664	42300	33133	7773	24345	4816	376	2247																5066	8559	815	2995	26107	21859	318	26342	2133																796787	724171	726101	702982	90	92	93	101	99																																																																																																																																
0:45:23	37.1																																																																																																																																																								17077	25377	4675	6360	99979	257	3990	120487	26936																90731	2830	3756	737	958	2575	2600	23550	30890																2843	1861	58243	45412	9792	31073	5616	419	2730																6385	10820	769	4086	32736	27584	321	34958	2629																798035	727157	718883	702642	112	94	91	99	104																																																																																																																																
0:50:23	37.0																																																																																																																																																								19879	31095	5607	7623	128560	263	4596	149965	31433																116685	3082	4182	761	996	2774	3065	29012	37769																2867	1891	77553	58468	11534	38684	6504	387	3284																7698	12999	829	5594	39206	32576	348	44254	2971																791764	723948	716659	701629	91	109	97	89	91																																																																																																																																
0:55:23	37.0																																																																																																																																																								22141	36528	6447	8581	157604	255	5119	179982	35771																143883	3484	4521	770	1009	3146	3601	34165	45578																3041	2051	98621	72771	13107	45798	7412	397	3872																8727	14895	903	7130	45683	37343	367	54099	3365																783552	717955	713972	696451	114	104	103	109	114																																																																																																																																
1:00:23	37.0																																																																																																																																																								24354	41996	7117	9332	184959	238	5602	208507	39311																171418	3721	4728	801	1075	3346	4077	39528	53423																3390	2062	121530	88109	13918	54185	7989	426	4401																9758	16947	892	8710	51816	41699	343	64683	3789																780546	718482	710457	694431	108	101	91	94	100																																																																																																																																
1:05:23	37.0																																																																																																																																																								26278	48159	7595	10077	212929	296	6113	237487	42355																197930	3942	5085	843	1141	3445	4630	45199	61030																3498	2138	145155	103594	15095	62250	8521	432	4880																10552	18364	980	10323	58226	45876	370	75210	4006																776931	714841	711096	692296	95	96	112	90	103																																																																																																																																
1:10:23	37.0																																																																																																																																																								27807	53677	7952	10688	240648	273	6620	265613	44891																223816	4165	5303	816	1107	3696	4999	50170	69257																3705	2186	170215	120433	15807	70055	8910	421	5451																11456	20004	1007	11881	64562	48836	356	86739	4364																777527	711581	705599	689849	98	90	96	92	107																																																																																																																																
1:15:23	37.1																																																																																																																																																								29013	59103	8310	11292	266884	266	7068	289568	47527																248753	4311	5549	848	1111	3875	5580	55650	77290																3882	2192	195631	137312	16470	78740	9223	445	5871																11994	20713	964	13150	69738	50824	368	97583	4594																773010	714069	706700	685446	95	101	103	102	98																																																																																																																																
1:20:23	37.0																																																																																																																																																								30098	64116	8620	11870	290000	285	7364	311373	48325																270626	4400	5717	833	1123	3929	6094	61593	85263																4006	2354	220536	154331	17200	87257	9493	436	6184																12515	22091	1012	14507	74667	52983	373	109051	4790																767826	708922	704045	686166	88	99	93	88	109																																																																																																																																
1:25:23	37.0																																																																																																																																																								30660	68731	8818	12509	310363	251	7549	327879	49912																288622	4565	5876	842	1166	4171	6299	65654	94391																4206	2274	245085	173479	17635	95564	9736	456	6582																13148	22809	1038	15541	80063	54774	405	121707	5040																768031	709591	702138	684283	80	101	101	99	91																																																																																																																																
1:30:23	37.0																																																																																																																																																								31305	73245	8918	12908	326527	269	7864	344506	50733																306557	4669	5868	875	1152	4209	6523	70355	102518																4414	2288	268821	189887	18106	103579	9870	486	6894																13377	23132	1032	16389	84225	55633	419	133779	5058																766057	707082	701277	683752	94	87	95	97	103																																																																																																																																
1:35:23	37.0																																																																																																																																																								31752	77360	9188	13206	340577	269	8000	356878	51127																319618	4704	5923	933	1200	4244	6830	74469	110854																4347	2301	290732	207589	18668	112497	9878	483	7089																13746	23747	1015	17196	87890	55886	403	144441	5294																758545	704437	699268	683171	89	104	94	95	95																																																																																																																																
1:40:23	37.0																																																																																																																																																								31937	82182	9269	13467	353340	292	8060	397063	51834																331944	4727	5959	867	1250	4309	7196	78665	118787																4522	2298	312109	225127	18700	120342	9845	521	7172																13814	24291	1067	18004	91159	56248	435	155786	5454																758151	703965	696689	678280	99	100	107	99	92																																																																																																																																
1:45:23	37.0																																																																																																																																																								31836	86192	9421	13746	362230	288	8139	408648	51723																341021	4828	5981	912	1209	4361	7139	82671	127045																4486	2296	331868	242032	19110	129076	10003	536	7258																13971	24631	1042	18674	93372	56533	450	168446	5384																758756	704396	698560	677975	96	95	93	93	94																																																																																																																																
1:50:23	37.0																																																																																																																																																								32304	89639	9567	13760	401802	292	8330	416550	52173																349214	4826	5972	929	1207	4273	7330	86250	135376																4595	2390	348377	258404	19353	136393	10000	530	7341																14061	24823	1086	19125	96033	56745	465	178509	5561																754042	702309	697922	676811	98	116	89	94	93																																																																																																																																
1:55:23	37.1																																																																																																																																																								32377	92862	9572	14060	405607	285	8325	419702	51790																358474	4887	6060	943	1244	4384	7329	89587	143741																4581	2330	394157	273993	19786	144054	9971	599	7548																14326	25212	1096	19812	97406	56394	447	188867	5567																755774	701465	696311	675572	90	99	89	88	101																																																																																																																																
2:00:23	37.0																																																																																																																																																								32303	96271	9721	14108	414895	286	8237	430151	51561																393475	4901	6172	939	1205	4340	7381	92425	151607																4563	2295	407596	290117	19984	152051	10072	578	7493																14311	25113	1124	19929	98975	57346	472	199868	5849																753328	700069	696080	678319	98	98	97	110	95																																																																																																																																
2:05:23	37.0																																																																																																																																																								32388	98885	9663	14215	421969	307	8306	437866	52180																401508	4954	6115	988	1303	4378	7421	95541	160522																4556	2320	420752	302957	20412	160170	10006	588	7476																14457	25707	1082	20644	100016	57136	489	211102	5859																750490	704108	697975	676101	101	98	102	111	97																																																																																																																																
2:10:23	37.1																																																																																																																																																								32683	100723	9847	14012	423826	265	8365	442655	51838																403370	4960	6112	1024	1282	4413	7391	97550	166390																4593	2309	432050	315697	20274	167456	10145	624	7542																14470	25525	1117	20833	100894	56956	515	220716	5866																748313	699282	693370	673415	87	98	108	93	96																																																																																																																																
2:15:23	37.1																																																																																																																																																								32397	103760	9888	14474	433645	265	8328	447651	52224																411030	4951	6121	1034	1248	4360	7489	100734	174923																4542	2394	442943	328543	21037	174565	10226	651	7607																14393	25722	1099	21322	101655	57277	495	229928	5953																749365	698895	697994	676049	99	96	93	115	92																																																																																																																																
2:20:23	37.0																																																																																																																																																								32580	105746	9902	14553	432772	278	8317	449689	51934																416908	4887	6063	992	1310	4356	7459	102590	182005																4689	2313	448626	340658	21175	181692	9950	670	7556																14461	25701	1202	21375	102034	57203	527	238694	5928																748933	697804	696852	676634	102	90	91	95	88																																																																																																																																
2:25:23	37.0																																																																																																																																																								32402	106581	9848	14481	433781	297	8365	451007	51414																417711	4916	6105	1018	1357	4307	7483	104705	187692																4651	2353	451372	348157	21107	188121	9998	679	7494																14669	25639	1105	21620	102630	56969	550	246048	5998																743334	697945	693792	671553	99	96	94	97	98																																																																																																																																
2:30:23	37.0																																																																																																																																																								32446	108773	10048	14497	436061	286	8368	454286	51363																417982	4947	5913	1088	1420	4445	7576	106670	195243																4694	2353	459542	358384	21002	194768	10191	694	7617																14533	25705	1171	21610	102496	58089	548	252039	5983																748611	696549	694791	674565	101	89	97	95	88																																																																																																																																
2:35:23	37.0																																																																																																																																																								32290	110344	10053	14691	440409	292	8404	453734	52030																421171	4983	6103	1026	1399	4409	7481	107755	200596																4678	2402	460166	394579	21510	199864	9934	748	7479																14631	25981	1175	21874	103018	57149	619	257876	5946																740340	697448	693004	673863	102	106	104	97	101																																																																																																																																
2:40:23	37.0																																																																																																																																																								32236	110596	10155	14532	438950	303	8189	458488	51549																424482	4990	6075	1036	1452	4348	7514	109381	207074																4699	2382	466551	400474	21562	204427	10051	786	7637																14668	25877	1225	22012	102509	57174	586	263651	6057																742399	699736	694871	673648	93	101	90	109	93																																																																																																																																
2:45:23	37.0																																																																																																																																																								32338	112950	10123	14467	441994	289	8311	457067	51434																422278	5077	6077	1107	1435	4392	7427	110561	210133																4627	2382	469302	406695	21703	210041	9981	809	7649																14561	25948	1216	21935	102240	57087	639	268282	6072																741398	697274	690354	671414	88	101	97	110	85																																																																																																																																
2:50:23	37.0																																																																																																																																																								32274	113710	10259	14645	441372	281	8254	460043	51629																425040	4937	6040	1106	1465	4395	7438	111511	214762																4731	2399	469291	409741	21742	214315	10101	830	7566																14584	25988	1261	22025	103194	57462	642	272943	6049																739844	697718	691930	671992	105	89	106	100	88																																																																																																																																
2:55:23	37.0																																																																																																																																																								32235	113661	10278	14630	440862	302	8275	459314	51622																426081	4993	6061	1143	1489	4425	7457	112299	217274																4730	2396	471022	411587	21937	217639	9905	841	7646																14516	25651	1255	21859	102980	56865	660	275266	6072																738413	694433	691262	670191	99	100	94	90	87																																																																																																																																
3:00:23	36.9																																																																																																																																																								32133	114360	10376	14716	441933	274	8333	461627	51497																427537	5097	5982	1164	1503	4395	7529	113559	221187																4783	2376	473521	414341	22001	218914	9897	877	7617																14549	25726	1232	21806	102518	57030	709	279064	6137																739048	694238	692730	669610	84	98	101	102	93																																																																																																																																
3:05:23	37.0																																																																																																																																																								32306	114983	10313	14591	441822	309	8296	458310	51539																427388	5103	5985	1205	1527	4422	7389	113944	221606																4686	2341	473430	416391	21668	221301	9856	905	7536																14535	25998	1317	22046	102491	56990	708	280484	6121																736515	694707	688797	667946	99	94	95	107	73																																																																																																																																
3:10:23	37.0																																																																																																																																																								32483	114996	10391	14673	443484	303	8258	458018	51552																429690	4987	5941	1194	1475	4484	7449	114257	223081																4778	2425	470211	418159	22033	223096	9916	949	7627																14478	25684	1283	22185	101601	56909	739	283604	6174																736630	696481	688748	669651	91	92	93	107	103																																																																																																																																
3:15:23	37.0																																																																																																																																																								32272	115719	10356	14777	442171	318	8356	460800	51354																426122	5050	6138	1268	1596	4420	7444	114628	224497																4817	2399	473194	418045	22106	223998	9954	978	7613																14568	25774	1304	22046	102305	56940	720	284989	6248																742153	698752	691770	672588	107	93	90	90	99																																																																																																																																
3:20:23	37.0																																																																																																																																																								32028	116171	10550	14766	445681	317	8298	462193	51267																426074	5013	6012	1246	1578	4444	7559	116181	227541																4719	2448	476131	421799	22233	225910	10069	995	7605																14462	25875	1333	22058	102788	56969	801	287789	6134																736978	696823	694316	671892	93	104	97	89	94																																																																																																																																
3:25:23	37.0																																																																																																																																																								31803	116218	10430	14955	441019	306	8330	459776	51130																425421	5083	6116	1238	1583	4416	7466	116398	228110																4744	2503	473005	420709	21724	227747	9978	1042	7511																14544	25981	1346	22131	102567	56758	792	287823	6236																735131	692017	690204	670804	103	96	102	96	104																																																																																																																																
3:30:23	37.0																																																																																																																																																								32251	116090	10437	14892	443082	301	8263	458267	51229																424964	4928	6092	1297	1603	4447	7606	115713	227501																4751	2379	471668	418845	22207	227732	9979	1078	7604																14523	26120	1357	22263	101969	57086	857	288851	6259																735159	694243	688481	668268	100	106	100	109	83																																																																																																																																
3:35:23	37.0																																																																																																																																																								32055	116349	10599	14826	442066	328	8289	458707	51361																423798	5051	6113	1319	1722	4431	7627	115983	226653																4824	2466	469708	421737	22130	227161	9995	1102	7552																14426	25772	1354	21907	101683	56753	841	288411	6245																739234	692752	690626	668515	96	90	94	92	95																																																																																																																																
3:40:23	37.1																																																																																																																																																								31674	116564	10529	14950	443309	305	8316	458655	51317																425115	5127	6136	1340	1689	4483	7425	116213	227351																4719	2430	472989	421123	22011	227099	9972	1121	7425																14624	25892	1404	22111	102015	56792	855	289080	6300																733566	693603	688028	668681	104	106	98	89	85																																																																																																																																
3:45:23	37.0																																																																																																																																																								31758	116962	10761	14810	442016	324	8263	459130	51190																428544	5096	6128	1372	1765	4488	7544	116572	227959																4761	2463	474316	420470	22254	227884	9979	1176	7631																14560	25986	1404	22126	102434	57179	913	290036	6388																732355	694265	687607	664342	84	99	89	103	111																																																																																																																																
3:50:23	37.0																																																																																																																																																								31955	116396	10580	15146	439986	321	8344	458418	51085																423571	5028	6135	1396	1754	4455	7373	116890	229211																4815	2450	472932	420134	21917	227278	10013	1212	7517																14667	25650	1423	22028	101774	56446	936	290104	6383																732738	689800	691286	668766	99	107	89	94	91																																																																																																																																
3:55:23	37.0																																																																																																																																																								31914	116335	10480	15102	437920	313	8335	460006	50564																423134	5047	6069	1414	1804	4476	7491	116711	227786																4731	2466	470773	420521	22308	227351	9940	1251	7564																14384	25782	1410	22099	101875	56893	949	289611	6378																731611	689365	688214	666350	81	113	90	112	89																																																																																																																																
4:00:23	37.0																																																																																																																																																								32032	116670	10652	15236	439944	314	8331	458661	51083																424694	5189	6119	1418	1836	4575	7364	117446	228512																4763	2618	471121	420041	22243	227703	9883	1302	7558																14600	25951	1446	22274	101555	56769	970	289919	6364																734408	693016	688409	665949	110	91	93	95	99																																																																																																																																
4:05:23	37.1																																																																																																																																																								31626	116333	10675	15078	439991	315	8353	457269	50761																421594	5086	6042	1538	1810	4558	7558	116510	227997																4833	2477	473012	419614	22497	227994	9996	1300	7598																14407	25855	1496	22115	101488	56905	992	288409	6389																731363	694265	686900	666694	98	96	102	88	86																																																																																																																																
4:10:23	37.1																																																																																																																																																								31629	117904	10592	15340	440409	317	8319	456419	51210																420782	5171	6077	1487	1901	4497	7569	116936	228094																4816	2531	471261	422039	22137	227778	9923	1328	7559																14513	25745	1485	22295	101187	56695	1065	288137	6508																728491	692587	685654	666027	103	94	90	84	93																																																																																																																																
4:15:23	37.0																																																																																																																																																								31818	117487	10535	15140	440528	312	8378	458027	50519																425374	5164	6216	1533	1889	4571	7528	117160	227667																4877	2524	473107	422494	22222	228382	10003	1415	7579																14516	26077	1494	22288	102016	57043	1069	289135	6457																732646	692169	687031	666880	97	85	101	96	100																																																																																																																																
4:20:23	37.0																																																																																																																																																								31944	117019	10547	15243	440221	289	8201	458237	50852																422437	5087	6038	1522	1912	4567	7534	117251	227442																4909	2472	471164	420920	22431	227913	9951	1478	7629																14467	25865	1531	22320	100921	57042	1097	290490	6609																729059	694289	688068	664344	95	97	94	106	95																																																																																																																																
4:25:23	37.0																																																																																																																																																								31788	116450	10828	15363	438942	332	8305	456579	50793																423904	5141	6156	1571	1976	4570	7555	117456	227211																4903	2515	470768	420527	22397	228201	9993	1458	7582																14588	25727	1560	22355	101588	57216	1141	289021	6524																731554	688483	686466	662137	101	114	96	87	92																																																																																																																																
4:30:23	37.1																																																																																																																																																								31770	117458	10951	15415	439696	321	8376	457302	50642																424332	5143	6132	1612	1897	4521	7585	118362	226933																4867	2509	472090	421286	22314	228280	9964	1536	7573																14425	25776	1535	22193	100925	56868	1150	289195	6507																728612	692270	687424	665440	92	100	97	106	92																																																																																																																																
4:35:23	37.0																																																																																																																																																								31748	117275	10944	15357	440105	318	8219	455619	50395																421917	5143	6164	1630	2005	4587	7475	118026	228099																5098	2592	469833	419436	22314	227427	10012	1593	7681																14548	25942	1582	22257	101349	57462	1198	289911	6593																728620	692349	684804	664897	90	90	96	110	100																																																																																																																																
4:40:23	37.0																																																																																																																																																								31685	116694	10965	15547	438180	343	8455	458758	51000																421173	5215	6085	1664	2053	4619	7572	116978	227544																4887	2535	466892	421179	22542	227517	10043	1596	7556																14627	25911	1566	21958	101558	56827	1168	288641	6579																727910	690081	688905	663444	93	102	98	83	82																																																																																																																																
4:45:23	37.0																																																																																																																																																								31893	117452	10967	15466	438863	312	8433	458281	50618																421953	5196	6101	1729	2098	4647	7565	117745	227381																5004	2566	471581	420733	22430	228114	10046	1663	7651																14610	25919	1638	22244	101536	56895	1290	289439	6689																731236	691497	687377	664156	88	103	91	101	97																																																																																																																																
4:50:23	37.1																																																																																																																																																								31847	118039	10910	15480	438824	324	8428	457076	50488																422118	5241	6131	1729	2137	4688	7552	118427	228014																4997	2618	470026	422487	22533	227943	10106	1684	7669																14439	25708	1609	22338	101221	56820	1288	288743	6602																729581	690914	689211	663435	95	94	116	80	96																																																																																																																																
4:55:23	37.1																																																																																																																																																								31772	117221	10970	15612	439747	312	8390	452842	50447																422752	5200	6254	1783	2102	4635	7683	117993	227340																5036	2566	469160	416616	22555	227523	10231	1758	7523																14658	25622	1626	22263	101112	56643	1360	288447	6778																728036	690367	683086	663841	87	90	89	94	102																																																																																																																																
5:00:23	37.1																																																																																																																																																								31651	116943	10960	15790	434959	321	8358	452735	50515																419857	5226	6135	1799	2202	4632	7554	117549	226448																5087	2616	467879	422065	22594	226113	10170	1839	7625																14488	25650	1655	22193	101084	56756	1399	287813	6726																724463	687192	684171	665320	97	83	86	97	85																																																																																																																																
5:05:23	37.0																																																																																																																																																								31809	117054	11202	15606	438905	323	8371	455934	50031																418050	5135	6213	1824	2209	4598	7643	117411	226557																4978	2542	468657	417818	22457	227094	9989	1792	7621																14459	25751	1683	22331	101066	56741	1399	288422	6795																727535	687989	684691	661680	97	85	105	91	102																																																																																																																																
5:10:23	37.0																																																																																																																																																								31897	117659	11139	15755	435826	300	8357	453895	50586																421101	5189	6256	1884	2202	4711	7609	117980	227152																4890	2546	468017	420305	22602	226834	10111	1872	7658																14397	25676	1652	22316	101111	56577	1447	289156	6893																727135	687633	685588	663776	87	90	98	97	90																																																																																																																																
5:15:23	37.0																																																																																																																																																								31986	117668	11124	15618	437719	343	8367	455756	50720																420609	5298	6133	1936	2300	4670	7536	117865	227103																4966	2629	468335	419363	22634	227286	10091	1932	7632																14556	25996	1744	22141	101167	56929	1434	288447	6871																729771	688696	682195	665905	81	97	95	103	112																																																																																																																																
5:20:23	37.0																																																																																																																																																								31499	116523	11287	15743	437328	327	8442	456547	50594																418789	5260	6206	1946	2345	4709	7717	117757	227508																5003	2555	468717	417735	22731	226903	10052	1986	7487																14563	25820	1704	22246	99820	56601	1539	287090	6978																726569	688125	681365	665296	100	81	85	99	91																																																																																																																																
5:25:23	37.1																																																																																																																																																								31599	117534	11072	15711	439409	330	8271	453683	50314																421068	5352	6221	1941	2345	4600	7479	117448	226506																5009	2638	467811	418432	22721	226806	10162	2068	7589																14452	25963	1734	22235	100047	56778	1530	287595	6763																726332	692070	683997	662247	101	99	90	98	85																																																																																																																																
5:30:23	37.1																																																																																																																																																								31619	117306	11269	15821	434461	339	8245	454499	50793																419460	5308	6218	1979	2350	4677	7594	118135	226663																5092	2612	466748	418495	22711	227031	10099	2047	7719																14662	25559	1753	22067	100929	57163	1550	287924	6844																726881	690209	685607	662371	101	95	111	93	97																																																																																																																																
5:35:23	37.1																																																																																																																																																								31620	117221	11213	15896	437997	336	8404	454659	50820																420670	5360	6156	1960	2442	4746	7529	117585	226061																4971	2720	465120	418598	22561	227340	10130	2095	7604																14451	25718	1740	22291	100622	56606	1632	289359	6913																727337	689666	685040	664001	99	90	106	96	120																																																																																																																																
5:40:23	37.0																																																																																																																																																								31674	117701	11431	16009	437642	340	8390	454773	50527																418901	5143	6251	2046	2463	4723	7599	117852	226866																5139	2699	468349	415910	22944	226517	10192	2194	7711																14514	25872	1766	22220	100340	56420	1645	288212	7018																726275	685808	681324	661767	96	106	103	100	102																																																																																																																																
5:45:23	37.0																																																																																																																																																								31848	117618	11374	15916	437124	357	8489	453645	50542																420195	5347	6257	2021	2513	4688	7568	118142	226417																5142	2751	466496	417580	22850	227301	10300	2191	7642																14474	25572	1784	22495	99939	56685	1685	287890	6930																726752	688610	683039	660854	99	94	109	99	94																																																																																																																																
5:50:23	37.0																																																																																																																																																								31501	117015	11474	16083	436088	340	8347	454013	50483																419174	5426	6294	2084	2522	4726	7556	118376	226525																5092	2716	466237	418072	22928	225931	10129	2263	7714																14411	25994	1775	22253	100737	56936	1718	288032	7074																723362	687789	687500	662178	89	87	93	101	92																																																																																																																																
5:55:23	37.0																																																																																																																																																								31641	117435	11523	16183	437545	347	8348	454048	50381																418542	5360	6213	2161	2568	4757	7451	118599	226157																5129	2650	464932	416986	22958	226476	10153	2236	7701																14665	25818	1794	22558	100352	56694	1784	286710	6876																726911	689450	685470	662567	92	101	99	80	94																																																																																																																																
6:00:23	37.1																																																																																																																																																								31836	117457	11604	16190	438347	350	8412	458075	50848																420156	5358	6247	2226	2582	4726	7661	118404	227038																4974	2657	468979	417613	23274	225942	10182	2371	7653																14597	26050	1857	22175	100532	56559	1775	287803	6953																722351	688727	684368	661477	104	100	99	95	96																																																																																																																																

