CDK

	Protocol		PURE Timeseries
Experiment File Name:	20251106-191540-cytation5-pure-timecourse-gfp-labcraft-protein-sweep1.xpt		
Experiment File Path:	C:\Users\bnext\Documents\Biotek\experiments\20251106-191540-cytation5-pure-timecourse-gfp-labcraft-protein-sweep1.xpt		
Protocol File Path:	C:\Users\bnext\Documents\Biotek\protocols\cytation5_protocols\cytation5-pure-timecourse-gfp.prt		
Protocol File Name:	cytation5-pure-timecourse-gfp		
Reading Date/Time:	11/6/2025 7:53:02 PM		
Plate Number:	Plate 1		
Plate ID:			
Barcode:			
Reader Serial Number:	1705168		
Plate Comment:			

Procedure Summary

Plate Type	Greiner 384 SV NoBind AutoMap
Well Selection	Runtime
Eject plate on completion	
Set Temperature	Temperature:  Setpoint 37 °C
Start Kinetic	Start Kinetic [Run 6:00:00, Interval 0:05:00]
Read	Read:  GFP-G70 (F) 485,528
Read	Read:  GFP-Gext (F) 485,528
End Kinetic	End Kinetic
Set Temperature	Temperature:  Off

PURE:GFP-Gext:485,528

Time	T° GFP-Gext:485,528	A1	A2	A3	A4	A5	A6	A7	A8	A9	A10	A11	A12	A13	A14	A15	A16	A17	A18	A19	A20	A21	A22	A23	A24	B1	B2	B3	B4	B5	B6	B7	B8	B9	B10	B11	B12	B13	B14	B15	B16	B17	B18	B19	B20	B21	B22	B23	B24	C1	C2	C3	C4	C5	C6	C7	C8	C9	C10	C11	C12	C13	C14	C15	C16	C17	C18	C19	C20	C21	C22	C23	C24	D1	D2	D3	D4	D5	D6	D7	D8	D9	D10	D11	D12	D13	D14	D15	D16	D17	D18	D19	D20	D21	D22	D23	D24	E1	E2	E3	E4	E5	E6	E7	E8	E9	E10	E11	E12	E13	E14	E15	E16	E17	E18	E19	E20	E21	E22	E23	E24	F1	F2	F3	F4	F5	F6	F7	F8	F9	F10	F11	F12	F13	F14	F15	F16	F17	F18	F19	F20	F21	F22	F23	F24	G1	G2	G3	G4	G5	G6	G7	G8	G9	G10	G11	G12	G13	G14	G15	G16	G17	G18	G19	G20	G21	G22	G23	G24	H1	H2	H3	H4	H5	H6	H7	H8	H9	H10	H11	H12	H13	H14	H15	H16	H17	H18	H19	H20	H21	H22	H23	H24	I1	I2	I3	I4	I5	I6	I7	I8	I9	I10	I11	I12	I13	I14	I15	I16	I17	I18	I19	I20	I21	I22	I23	I24	J1	J2	J3	J4	J5	J6	J7	J8	J9	J10	J11	J12	J13	J14	J15	J16	J17	J18	J19	J20	J21	J22	J23	J24	K1	K2	K3	K4	K5	K6	K7	K8	K9	K10	K11	K12	K13	K14	K15	K16	K17	K18	K19	K20	K21	K22	K23	K24	L1	L2	L3	L4	L5	L6	L7	L8	L9	L10	L11	L12	L13	L14	L15	L16	L17	L18	L19	L20	L21	L22	L23	L24	M1	M2	M3	M4	M5	M6	M7	M8	M9	M10	M11	M12	M13	M14	M15	M16	M17	M18	M19	M20	M21	M22	M23	M24	N1	N2	N3	N4	N5	N6	N7	N8	N9	N10	N11	N12	N13	N14	N15	N16	N17	N18	N19	N20	N21	N22	N23	N24	O1	O2	O3	O4	O5	O6	O7	O8	O9	O10	O11	O12	O13	O14	O15	O16	O17	O18	O19	O20	O21	O22	O23	O24	P1	P2	P3	P4	P5	P6	P7	P8	P9	P10	P11	P12	P13	P14	P15	P16	P17	P18	P19	P20	P21	P22	P23	P24
0:01:09	37.0	231	258	190	231	220	277	252	208	419809																222	174	206	189	191	217	212	180	412440																172	206	171	235	207	210	193	182	415002																180	190	176	193	214	189	200	201	216243																178	179	177	157	213	192	243	168	215941																184	184	173	193	205	210	198	206	199822																185	183	189	179	207	173	200	194	80																194	169	170	178	175	181	233	193	88																209	227	214	193	182	182	204	188	103																178	209	246	169	188	203	222	199	77																177	174	194	249	232	211	213	188	77																200	213	198	208	177	172	307	190	83																168	195	224	200	250	159	163	213	82																182	172	181	230	224	197	165	200	78																182	180	197	206	176	185	198	203	88																176	185	190	169	193	211	185	198	94															
0:06:09	37.1	237	243	197	239	236	274	234	192	414753																231	184	195	213	184	218	223	214	410520																183	204	187	192	198	258	193	187	406905																192	175	204	187	218	206	192	205	214836																190	168	190	182	211	193	202	183	212770																185	194	171	175	203	207	199	190	199469																199	199	201	181	205	201	205	197	87																211	193	188	158	188	198	242	209	88																203	222	215	200	184	207	203	218	91																178	181	278	180	195	184	235	235	89																185	183	203	238	216	217	220	222	75																218	221	234	193	193	210	292	203	90																190	208	210	195	265	173	178	225	82																204	196	206	215	215	208	194	195	102																195	198	206	201	187	178	202	224	93																202	178	199	191	219	224	192	205	87															
0:11:09	36.9	261	283	243	251	243	297	305	260	411015																257	204	217	220	233	227	219	230	406262																199	229	218	219	238	254	231	206	406874																220	202	227	231	287	213	220	225	213912																224	208	193	198	234	236	249	224	211013																193	233	202	205	203	250	231	241	198415																228	228	245	200	261	223	245	223	88																242	226	199	181	208	212	262	237	78																258	231	223	239	204	221	236	251	90																223	230	291	198	220	235	235	257	90																226	231	236	264	250	251	251	243	96																236	236	239	245	240	219	322	239	91																213	223	241	245	342	217	209	250	97																221	220	234	231	255	240	221	233	88																209	216	221	230	220	240	220	273	78																224	222	239	229	233	238	223	242	91															
0:16:09	37.1	367	365	280	318	285	352	375	320	407236																319	325	322	316	238	299	288	294	407792																238	292	311	296	274	325	269	286	402045																312	316	273	319	347	270	293	253	214423																295	304	267	284	263	306	284	274	209893																259	248	260	315	253	336	255	300	198081																312	248	271	265	286	286	280	311	85																291	284	278	292	278	309	329	332	89																298	293	283	303	252	372	284	333	78																296	277	340	326	250	301	307	326	83																257	253	312	299	305	381	298	334	96																270	264	315	288	279	354	374	334	74																305	272	314	270	376	332	302	330	91																289	255	322	291	285	342	272	323	86																242	254	299	263	267	414	338	350	89																313	283	274	293	285	304	338	320	100															
0:21:09	37.0	949	870	621	590	504	430	719	648	406575																719	942	866	593	434	512	517	581	402173																570	547	730	801	588	595	394	546	396655																951	890	544	901	589	402	425	555	213479																821	939	505	679	496	567	353	595	209633																544	289	441	792	453	814	329	654	198300																850	335	442	843	431	589	367	672	80																543	382	530	681	392	808	451	685	92																410	329	464	734	385	979	369	795	85																624	374	462	1090	380	724	507	754	87																418	397	632	349	360	1185	439	785	89																341	338	476	373	479	1341	415	775	84																690	332	390	436	522	1044	713	900	86																469	447	598	359	346	957	695	826	96																336	327	404	419	456	1467	899	903	87																625	517	351	458	383	344	831	790	87															
0:26:09	37.0	3336	2871	2097	1707	1347	726	1887	1923	399501																2398	3665	2938	1979	1005	1368	1244	1906	399786																1921	1672	2552	2765	1843	1733	847	1745	392964																3621	3498	1753	3236	1635	1016	901	1849	212361																3159	3703	1512	2508	1170	1622	598	1878	209142																1783	390	1163	3124	1280	2421	465	2200	198006																3146	529	1075	3108	960	1928	684	2234	88																1679	714	1588	2561	921	2732	877	2248	87																843	465	1162	2576	787	3483	582	2637	102																2021	609	924	4207	798	2695	993	2460	75																1047	814	1860	496	504	4657	740	2711	82																669	429	1110	627	1025	5075	555	2693	74																2198	510	648	894	872	3864	2537	2947	83																1185	952	1372	500	490	3477	2273	2673	92																702	572	743	819	921	5700	3034	3127	85																1707	1366	512	1024	666	436	2702	2574	85															
0:31:09	37.0	10158	8468	6570	4857	3634	1496	4910	5893	399516																7109	11047	8716	6076	2787	4095	3481	5983	393300																5862	5107	7810	8410	5012	4901	2143	5441	390021																10972	10739	5452	9633	4359	2728	2153	5765	212583																9561	11116	4358	7775	3267	4621	1218	5812	209186																5563	659	3240	9694	3513	6615	818	6739	196768																9206	1050	3120	9445	2461	6071	1619	6783	80																4925	1480	4338	7894	2325	8313	1881	6637	87																2197	669	3108	7518	1906	10085	1155	7821	100																5426	1213	2011	12544	1732	8229	2108	7308	80																2742	1701	4908	768	829	13783	1499	8064	89																1538	679	2898	1260	2307	14548	888	8182	85																5997	1011	1397	2057	1702	11378	7388	8856	84																3124	2188	3300	841	898	10073	6796	8051	97																1560	1179	1668	1685	2067	15972	9078	8996	79																4508	3486	929	2304	1315	718	7745	7233	82															
0:36:09	37.0	22983	20128	16164	11440	8366	3380	10697	14629	393681																16962	24601	20022	15077	6842	9395	7854	14909	394329																14163	11979	18255	19723	11736	11115	5125	13500	392149																24778	24795	13502	21567	10036	6392	4483	14295	211719																21884	25423	10444	18644	7948	10652	2564	14449	207952																13755	1219	7857	22958	8170	15236	1680	16701	196829																21028	2204	7307	21335	5777	14402	3477	16642	80																11961	3187	9998	18811	5465	19016	4107	16341	104																5247	1267	7269	17801	4058	22847	2273	18794	97																11887	2529	4616	28266	3668	19171	4188	17466	92																6298	3781	11154	1361	1517	30493	3190	19194	81																3270	1243	6731	2521	4814	31140	1463	19358	80																13205	2071	2961	4281	3266	25767	17497	20458	93																7064	4487	6936	1618	1629	21830	15991	18950	93																3623	2547	3533	3705	4141	33588	20963	20932	91																9911	8043	1783	4791	2640	1120	17708	16659	83															
0:41:09	37.0	43370	37494	31428	21462	16313	6804	19889	29149	394223																32385	46247	37062	29798	13922	18424	15395	29682	390122																27687	23178	34603	37684	22312	20967	10373	26876	388857																45777	46452	27055	40696	19852	13003	8654	28675	212684																40971	47864	20378	35568	15834	20369	4989	28593	207123																27330	2276	15865	43609	16441	27971	3230	32491	195689																39352	4139	14871	40155	11606	28405	6742	32698	83																23472	5922	19373	35925	10811	35467	7872	31585	89																10789	2233	14351	33686	7745	42646	4446	36935	78																22222	4866	9581	52056	6934	36380	7766	33924	92																12467	6960	21106	2500	2826	57186	5951	36554	85																6638	2200	13456	4819	9110	55878	2494	37121	93																24159	4088	5817	7855	5765	47543	33264	38692	97																13977	8343	12883	3084	3122	40424	30593	35271	79																7258	5142	6637	7012	7620	60477	39235	39057	87																18333	15280	3320	8884	4971	2014	33349	31611	99															
0:46:09	37.0	70083	62571	52411	35705	27311	12061	31643	50066	393198																53895	74333	60522	50698	24049	30427	25361	50717	388817																47650	38114	56267	61440	37139	34157	18280	46548	386412																73389	75609	46251	65377	33217	22475	14718	49447	212394																66963	76664	33773	58725	27089	34445	8894	49046	207834																46609	4044	27149	71919	27718	45927	5663	56020	196167																63564	7216	25277	65034	20457	47656	11904	54693	92																39871	10255	32041	59769	19053	57401	13520	53633	79																19107	3905	24567	56079	13358	69562	7866	61183	112																36577	8450	16945	82638	12138	60049	12912	57225	82																21028	11957	35160	4382	4853	91392	10278	61034	92																11560	3791	22838	8318	15063	86905	4114	61613	95																39205	7409	10308	13002	9126	75969	55674	63768	74																23467	13897	20791	5426	5410	65025	51555	59057	87																12819	9066	11055	12008	12449	93994	63940	63951	92																29699	25040	5620	14622	8427	3431	54626	52152	95															
0:51:09	37.0	101871	92281	79087	53612	41933	19570	46731	76758	394014																80823	108047	87747	77535	37491	46376	38734	78230	388101																72335	57711	82716	90197	55509	51521	28618	71820	390622																105608	110426	70726	96453	50747	35261	22051	75259	210947																98311	111191	51898	86503	41916	52706	14353	74930	206692																70682	6757	41720	104466	42340	67833	9055	83998	196588																92407	11262	39018	93881	31645	72263	18586	83454	81																61588	15773	48563	87818	28934	84208	20777	81151	93																29943	6323	37515	83144	20683	101689	12491	92688	90																54715	13513	27047	118758	18712	88499	19568	86243	77																32561	18417	53212	7056	7763	131125	15825	91235	89																18623	6115	36104	13057	22678	123709	6499	92149	89																57430	11792	16653	19785	13291	109575	82773	94638	84																36182	20936	30919	8563	8722	93716	77008	87595	82																20443	14852	17195	18519	18582	131214	93988	93849	86																43634	37664	8948	21621	13231	5352	80599	77131	92															
0:56:09	37.0	135797	125297	108690	73940	57541	28972	63322	107040	393618																110399	143642	117942	107216	53888	64031	54196	108468	390749																100231	78372	112116	121988	75690	70150	41037	98433	386186																140918	148729	98392	129158	70145	50100	31161	105364	210849																131412	147799	71560	118581	59909	72981	20790	104414	208429																97930	10435	59049	140528	59456	92313	13690	115933	194193																124570	16236	55983	126052	45621	98701	26777	116019	97																85027	22222	67189	119928	41950	113250	30025	112082	85																44294	9674	52619	113421	28964	135885	18769	127930	101																74700	19585	39615	157317	26874	120455	27154	119393	83																46075	26250	73301	10469	11481	174203	22352	124825	91																27243	9154	51827	18940	31024	161184	9636	125293	77																78565	17469	24040	27184	18393	145814	113338	128877	82																50580	29513	43598	13012	13015	126117	105866	119604	88																29450	21959	24258	26233	25517	170382	126975	127396	96																59921	52267	13263	30542	19176	8074	109893	105569	75															
1:01:09	37.0	172764	159845	140715	95647	75512	39858	81213	141169	393202																142219	179732	148376	138883	72057	83422	71660	142889	385935																131087	101459	142706	156698	97391	90545	55328	129602	388770																178367	186908	127783	163668	92281	67163	41823	137725	209963																167600	187160	93789	149767	79445	95330	28714	136409	208620																127990	14822	77562	178636	78717	118606	19373	152242	196095																156975	21551	74772	159547	60623	127554	36166	150794	80																111381	29606	87383	153584	55988	143813	40824	145692	94																60472	13900	70083	147579	38630	172966	25838	164522	92																96501	26932	54657	197880	35934	153513	36540	154292	93																61374	34921	95536	14658	16170	217283	29982	160664	83																37231	13272	69480	25627	41406	201203	13379	162954	86																100200	23918	33337	36271	23407	183839	146403	165112	97																66594	39475	57101	18087	18213	159117	136768	154154	89																39783	30475	32563	35422	33873	212360	163155	163311	88																77215	68802	18366	39955	25855	11488	139658	135426	84															
1:06:09	37.0	207854	195883	172375	120094	93609	51850	100314	176161	392784																174610	217990	179286	172196	91999	104337	89635	177830	387656																162631	124624	173760	189691	120521	112609	70613	161588	389432																214077	227572	159937	198019	115273	84712	52966	171875	210333																203223	224426	116620	184358	100371	118866	37654	170215	207800																159094	20175	97355	216701	98326	145956	25295	188719	195854																191227	28186	94818	193584	76793	157020	46654	186344	81																139116	38169	108571	188904	72535	175779	52772	180235	98																78656	18789	88089	180424	49830	210416	34076	204819	90																118539	35410	71606	239199	46903	188362	46626	190392	83																78491	44944	118736	19471	21416	264247	39039	198637	83																48816	17853	87297	33621	52724	241920	17463	199618	86																123044	31788	44174	45423	28964	221534	179162	202277	87																84308	50668	71953	24088	24117	193167	168181	189200	87																51817	40248	41705	45230	42641	253509	198689	200089	76																95507	84875	23894	50563	33240	15432	172587	167340	78															
1:11:09	37.0	243818	231453	204988	142846	111874	64826	117937	211180	390181																207556	255032	211156	205450	112037	124397	107676	213079	384893																195358	148238	203449	222244	142836	133694	85937	194338	388734																251641	266376	190151	233028	137955	103340	64861	205792	209169																237465	261623	139646	217792	120534	142421	47068	203426	208270																189216	25420	117064	253710	118187	172615	32264	224681	194142																224231	35139	114968	225464	93890	185357	57758	221554	101																166011	46591	129997	220648	87383	204390	65602	215909	100																96915	24223	106438	214285	61419	246385	42855	242392	91																140947	43435	89313	277715	57720	221189	57470	226531	95																95340	55046	141167	24801	27355	307488	48084	236570	94																60850	22700	106728	41693	63682	279663	21909	236563	87																144280	39899	55686	55805	34874	258949	212532	239050	78																101385	61433	86840	30415	30452	225398	199205	223551	83																64166	50712	51737	54959	51640	290937	233383	237158	88																112620	101388	30097	61119	41498	20027	203907	198615	76															
1:16:09	37.0	278715	266951	236904	166057	131017	77841	134979	246567	390713																239113	289776	240789	237169	131405	143777	124575	246553	383140																227055	170567	233275	254790	165111	153535	101886	224774	388707																286298	303345	219757	265281	160593	121865	77524	239843	208593																272565	295946	163125	248806	141508	165155	56672	236787	208506																218785	31892	137291	290416	137505	199449	39728	259281	195693																256456	41577	135276	257668	110647	215597	69456	257064	88																192444	55827	150857	255428	104026	234220	78611	250345	84																116516	30325	125207	246387	73197	281474	52314	279296	94																163614	52859	108031	315201	69264	253365	67828	262300	76																113279	64669	165305	30919	33950	377438	57282	272078	95																73730	28585	125224	50378	75018	316285	27165	272615	78																165631	48580	67082	65392	40083	293477	243719	276578	87																119051	73067	102204	37745	37575	257344	230411	257288	88																76769	62119	62046	66075	60883	329470	269084	272803	78																131145	118346	37048	72277	49464	25054	235130	229249	94															
1:21:09	37.0	310748	299573	267388	188227	148544	91428	153316	281215	390352																269530	323346	269630	268687	151477	163865	142086	282050	388750																255540	192009	261846	286973	187244	173707	116818	256524	386502																318973	368978	249286	296237	183343	140675	89560	273904	209011																304101	329308	185326	280895	160902	188629	66674	271170	209058																247198	38434	157072	325801	157075	224598	46961	293554	194922																285359	48871	155370	288916	126550	243563	80700	290604	92																217657	64671	170702	285703	118804	262462	90940	283702	82																136200	36959	142478	279065	85112	314986	62121	317845	84																185030	61833	125907	380501	80580	283453	78765	298315	95																129749	75168	185537	37223	40783	421470	67021	307340	76																86347	34789	143339	58702	86287	379425	32127	309692	89																187032	57643	79532	75426	45416	329534	276843	311924	77																135684	84153	116768	44899	44790	289821	260607	291213	90																89030	73062	71552	76386	69918	396484	302942	306988	83																148237	133435	44266	83088	58087	30398	264184	259183	85															
1:26:09	37.0	371478	329922	295117	209966	165501	104634	169341	313092	390592																297203	384978	296220	297266	169317	181610	156965	313839	383837																285282	212708	288556	315077	206809	193148	130967	283526	389006																376751	406115	276695	325491	203442	158288	101074	303882	207696																334247	391360	206436	311646	179758	210862	77355	302347	210117																275553	44769	175622	385126	175780	249801	54641	326293	193309																315449	56191	175840	317964	142663	269340	91757	323093	95																244889	73805	190528	319184	133231	288819	104231	317250	89																154713	43786	160234	309257	95944	376603	71264	378447	87																206331	71333	144067	417586	92932	314383	89843	331763	83																146759	85392	206369	43193	47854	463252	75929	371265	92																99318	41017	162763	67256	97430	414690	37858	371639	94																206427	66597	91433	84853	50533	395627	306768	373320	82																152533	96193	132054	53069	52384	320003	289500	320840	90																101101	84338	81932	86717	78263	430385	335779	339639	92																163461	148366	51131	93523	66344	35910	294901	288236	88															
1:31:09	37.0	403069	388192	322309	230169	180632	117965	184433	373805	392269																326053	415748	321967	326289	188710	199164	173169	373029	384307																313367	233808	312798	372139	224818	210408	145707	312331	388332																413276	438564	302547	384979	223325	175332	111941	335454	208374																396666	423843	226419	365853	199358	230565	87096	332359	211166																301628	52012	194643	419586	191702	273691	61836	389330	194087																371901	63016	194352	370870	157924	293361	102133	384190	74																267091	81861	208357	378652	146554	311795	116679	375992	84																173437	50741	177097	337835	107776	408209	81169	418677	88																225562	79704	161736	451773	103075	372240	99354	391814	83																162583	94983	226350	50245	54738	500711	85032	404989	93																112177	47376	179761	75520	107698	449992	43137	407899	89																224492	75440	103114	94055	55289	424976	336656	408967	95																169008	106360	145197	60196	59651	376891	317692	382653	88																113059	94933	91706	97024	86299	466607	395284	404133	82																178526	164055	58064	103967	74081	41402	321670	313026	90															
1:36:09	37.0	433067	420933	379160	249374	197472	130320	199327	405403	391505																380593	445501	374004	380005	205041	216812	186447	403158	385618																341381	250841	365024	395534	243998	227846	159628	369649	391307																440630	468753	325509	412944	241473	191975	123692	395332	208352																424811	457977	247231	394940	214605	249848	96778	389949	209873																324942	58056	211545	451046	208580	295673	68899	423085	193220																397596	69005	212359	402640	172079	314793	111517	415576	77																289129	90434	226715	405455	160765	335731	128160	408394	89																190721	57033	192028	394690	117968	438171	89975	454012	105																243170	88607	178848	481846	113323	397801	109463	425422	97																177325	104587	243252	56328	61884	535585	93764	440150	84																123698	53856	195334	83424	117028	479940	47896	440155	92																242110	83484	114944	102949	59967	457210	392666	443159	84																183735	116842	159181	67789	66826	403325	371685	413173	91																125359	105743	101254	106240	94575	500020	425636	434120	90																192755	176874	64875	112598	81774	47541	374997	339725	82															
1:41:09	37.0	463894	451636	406207	268713	212697	142771	211696	436771	392171																410434	476757	400900	409526	222735	230791	199582	434757	387653																397081	269065	389470	424977	260830	243039	172362	394337	390217																468929	501765	375744	438257	259610	207872	133634	424599	207245																454487	485462	264635	422451	230563	269878	106603	420405	210404																379125	64644	227044	484582	223643	316955	76209	453714	192743																425805	75623	230265	425844	185188	336589	121982	445709	88																310546	98284	241951	434950	173736	387824	140409	439651	78																208360	63839	208200	421285	128140	469205	98666	489680	106																262082	96323	194993	515177	124300	426004	119305	457652	93																191619	113227	261543	62254	69280	571170	101725	470514	87																136417	60657	212075	91261	126658	509162	53433	472739	90																259572	91975	126701	111168	63907	486972	420711	471116	73																198787	127091	172013	74958	74428	430499	400146	443764	86																135532	116237	110420	115431	102416	527332	458785	465484	97																206610	190003	71440	121525	89437	52579	402992	397386	88															
1:46:09	37.0	489278	476410	427058	284030	226272	154063	224331	464380	390220																432992	501382	422270	432104	238754	245155	213891	464476	386314																421309	285571	412677	449345	275720	259907	184307	424329	390082																495012	529596	400247	461482	276102	222348	143641	454056	206808																481478	512605	282511	446545	245346	286621	115025	447509	211707																402297	70443	242856	509421	236043	335384	82681	484752	191876																449005	82066	245756	448182	198753	389523	130879	474714	84																331073	105674	256759	463165	185084	406801	150331	465827	96																223672	70452	222063	447584	137386	492933	107206	518737	90																277617	104540	210631	543144	133755	451185	127825	487107	89																206030	121422	277486	68303	75337	600344	109258	502448	80																146605	66343	224373	98581	135854	536961	58418	500075	83																273757	99263	137470	119190	68006	517034	447663	501651	91																210345	136026	183179	81783	81412	453409	424464	474014	76																145395	125617	118168	124337	109636	551296	485894	495373	82																218577	200500	77541	129480	96121	57935	428700	422392	84															
1:51:09	37.0	513321	498366	449168	300416	238245	164123	234210	492967	389562																457045	525337	443633	453640	251044	257517	223963	490463	386932																448741	300264	432344	470398	291302	272417	195831	446600	391226																520833	556882	423599	487158	289191	234427	152688	478723	207121																502023	537866	298193	469915	260297	302039	123088	474663	210320																425821	76511	257481	536165	249880	381646	89357	510799	192952																471867	87071	260487	470282	209520	408128	139101	501735	101																376397	112081	270175	483561	194952	429830	159658	495415	89																238991	76911	233427	472129	146997	516709	115391	548122	100																292356	111646	223624	565756	142961	474241	135615	514968	86																217643	128982	290161	73699	82234	628102	116914	532749	76																156947	72509	237598	105042	143493	561016	62771	533866	83																285698	107381	146564	125190	71440	542321	473339	528820	89																222209	144841	194226	88102	87131	475701	447043	497906	93																154960	135099	125977	132264	115649	580728	512233	523450	90																229643	211663	84507	137887	103032	63335	452452	442263	69															
1:56:09	36.9	534137	522480	472689	314621	248947	174319	244390	513405	387336																476047	549169	461170	475738	263792	269032	234309	512906	384311																465993	312335	448719	489303	302818	284540	205209	469240	389348																541813	580378	439911	504053	301286	246550	160777	505150	206897																526549	558865	312276	492723	273043	316618	130880	497705	211784																445888	81303	269828	557929	259428	399738	94472	537652	194199																492592	92119	277392	493140	219437	427639	147332	525883	82																395109	118836	283726	509275	205204	446380	170090	517918	98																252010	82721	245273	495146	154803	537863	121955	573792	104																306221	118617	237408	590046	150649	497383	142793	537647	85																229327	135753	302797	79779	88121	654208	122311	554090	95																167452	77993	250580	111329	150692	578594	66974	555336	85																296705	113833	155283	131719	74090	566433	494867	550333	90																234218	152017	203897	94381	93349	497044	465970	521706	80																163136	142298	132933	139192	120787	601177	536507	547554	91																239016	220432	90243	144060	108095	68232	474562	463316	78															
2:01:09	37.0	559628	545086	490503	329103	261569	183965	252937	541073	391382																498374	568539	480849	496749	276863	281115	242944	536452	384865																489931	325944	468293	514844	314268	295373	215426	488449	388080																565711	599579	458755	524681	314488	259508	169171	527173	206811																544336	581067	326208	508927	284488	330485	138270	520994	212024																463093	86388	282662	582655	270553	417518	100662	562908	194342																508986	97496	291612	509003	230734	441787	154233	549612	80																410931	124708	295385	527211	214942	463905	178931	540025	92																265174	87804	256580	513204	161824	557423	129381	597238	90																318754	124634	250126	613783	158757	515791	150103	561387	79																241139	143262	316614	84935	94557	679942	129386	578861	82																176163	83514	261281	117603	157732	606802	71181	576600	77																309906	119990	164386	137794	77192	588323	513983	574959	90																243913	159959	212868	100695	98924	513873	488914	543258	73																171625	151044	139695	146627	127608	621992	558620	567261	94																248254	230807	95290	150776	114248	72738	490441	484727	69															
2:06:09	37.0	575568	560342	510378	369578	270857	191609	261423	562388	393409																514299	586133	497949	513672	287789	290826	252358	559161	386750																509694	364559	483180	527572	323868	306122	221616	508447	388876																582678	621704	480067	541710	324232	270341	176332	549077	207781																566083	598611	364471	527246	295049	372847	145415	543015	212190																478622	91608	293058	600639	280989	434171	106181	582009	195289																525930	101608	303887	526122	239767	456626	161343	573641	89																425762	129730	307876	551027	222098	476022	185959	564312	90																277562	93240	268097	533535	170280	575673	135777	625861	96																330978	130780	261346	633932	166028	534249	156909	586755	86																250269	148746	326655	89671	100010	704411	135221	601343	82																183961	88662	271456	123503	163192	621900	74869	601679	81																320919	126403	172366	143574	79893	605824	534843	595264	92																253185	165886	222031	105562	104244	530379	508073	564209	103																178846	159055	146996	152667	132037	642732	579978	590193	85																257921	239263	99988	156857	119513	77669	511390	505283	76															
2:11:09	37.0	594592	578079	527081	383314	280211	200429	269876	585962	390664																533562	604253	511272	532039	298730	299240	261492	576607	383508																525872	378749	499725	543522	335983	316158	231060	528142	390455																601672	642659	496622	558552	335371	280735	182961	571903	209227																583978	619504	380820	548282	305389	384091	152197	566068	213010																500917	95723	305760	619671	290357	448369	110763	605826	195032																544075	105882	316139	545793	247553	474149	166969	592902	74																443563	135594	318076	568918	231527	493689	192365	582209	91																290781	98468	276271	549985	175976	593186	141348	645846	94																370505	137497	273261	653548	172291	552067	163270	604365	86																260356	154468	338168	94607	104772	724489	140603	622579	86																192801	94115	281784	129191	169499	641629	78534	623349	90																332488	132647	180400	148964	81953	625201	553217	619228	97																262650	173185	229834	111262	109914	548236	525120	585023	75																186485	165911	153915	159409	136680	657981	601247	610326	82																265365	247292	105022	162858	125441	81945	532126	522315	84															
2:16:09	37.0	608204	594486	543495	396310	288102	207145	277540	602393	390122																548349	620686	524366	546958	308369	308929	267156	596515	383982																545465	386449	514254	557682	375309	323981	238024	543743	391125																615409	660383	504856	570319	372440	290183	188197	588454	209186																600766	631953	391025	560434	313561	397198	157040	581561	212468																509528	100227	313637	635499	297859	462500	115266	627191	195490																555355	109289	326921	559895	255142	488119	172832	611196	96																454112	139267	326598	584993	237959	507962	200386	600452	109																299154	102926	285215	562741	182034	611212	147414	666696	97																384341	141572	281815	668968	178443	566941	168431	625630	98																269182	159517	379481	98617	109837	741352	145208	643933	89																199822	97857	289534	133941	174092	655488	82135	643268	80																365600	137270	186850	153453	83571	646295	570859	638160	85																270146	177248	237266	115788	114486	561852	542505	598227	99																192515	172359	158284	164675	140948	677976	616313	627758	85																271623	253538	109477	167288	130047	86059	543772	539219	88															
2:21:09	37.1	621201	606444	558101	402739	293966	214166	282695	620161	390943																559356	634789	536832	560873	315696	315470	274422	611843	382223																558758	396360	526979	572937	385021	332011	245020	558810	388645																631334	675011	519232	586426	386063	297914	194444	606262	207863																612678	646105	402856	575048	324019	408242	163535	598396	214346																524950	103637	323198	652266	305650	474249	119808	646380	197597																570059	113083	362736	572136	263122	500041	177235	629044	91																468588	143536	334689	605628	245034	521007	205456	619601	99																308927	107190	292022	576677	186974	627017	152299	684942	86																391015	146339	290615	681828	184712	583130	173420	642145	85																276637	163206	386643	102245	114991	758799	149480	659934	101																207764	102007	297734	137574	179672	669835	85178	659472	93																374515	141671	193092	156514	85531	656772	587547	652042	91																278116	183746	243316	120404	118406	573001	556286	616337	85																197817	178235	163776	168755	145448	687530	631271	645580	91																278779	260955	113551	171921	133016	89057	557541	551475	87															
2:26:09	37.0	638131	622211	569603	412345	302973	220597	289480	636282	393897																573308	649329	552485	576335	326371	323131	281894	630545	382425																571732	407210	541754	585264	393173	370921	250130	577213	390882																644199	689225	531634	597490	392027	306691	199925	625283	208135																631133	659213	413405	587812	330597	418065	168637	615168	215545																541000	107559	331632	665537	311906	482780	123235	659072	197075																583818	116480	370092	584315	268803	509523	181514	644837	87																479148	147364	341727	617166	250695	530656	210973	637658	78																319716	111855	298419	587824	192671	636044	157110	698782	96																402135	151539	300449	695458	189265	596017	177810	657560	67																283214	168113	391685	106721	119242	773771	154826	679959	72																213339	105762	304576	142351	184020	682516	89074	677621	88																384743	146306	199408	161694	87510	670247	600906	670596	86																284375	187891	250376	124242	122486	580273	569265	632156	82																203992	183678	167793	173880	148386	702300	647125	662410	87																285381	266554	118065	175439	137578	93464	573682	566709	92															
2:31:09	37.0	649249	635594	585034	423987	308958	225731	293370	653007	391234																583021	657049	562050	586061	333405	328526	287845	643202	383253																586289	414183	551932	596059	401386	374466	258411	588676	388529																652415	704714	543701	609170	399479	312777	205019	635730	209302																642172	672319	423132	602179	364178	427352	172407	632199	214759																549634	111085	339277	682257	317667	492434	127721	673704	196312																595665	119655	383609	591843	275325	520661	186982	661014	94																486181	151435	379442	630451	257990	539825	216555	652260	102																327156	115784	306798	600952	197616	652882	161744	719897	103																411323	154941	307645	707848	194952	606444	182088	673226	76																290355	170827	401170	110210	123031	789599	157599	690844	89																219095	110195	311626	145991	187830	694735	91602	689471	85																392647	150867	204863	165514	89467	687095	613906	685302	78																291060	192051	255419	127963	126442	592186	585260	651205	91																209714	189161	171863	179199	152198	710899	660490	674752	76																290695	271928	121563	180487	141367	96334	585856	580585	83															
2:36:09	37.0	659279	645874	587810	431414	315640	231788	299054	666098	392765																595444	673910	570062	597969	340667	335572	292690	655647	384327																598415	421984	567062	604766	409332	381306	261840	599720	388608																668742	715419	555276	623082	406137	321676	209548	652103	208613																657057	684862	432733	612637	373260	438779	177404	648044	214315																560966	114656	374241	696916	323297	503741	131207	692679	197277																609695	122892	392437	603651	282472	533357	192075	675524	103																500270	154838	384787	639694	262400	551143	221495	661710	76																337282	118836	313227	611039	202663	663125	166332	735071	97																420730	159533	316139	717979	199918	623714	186586	687585	99																298260	176054	410801	113545	126822	804745	161772	710249	98																225750	113033	319072	149814	192421	708991	94012	705578	92																398911	154381	210369	168567	90838	699500	631370	701680	90																297221	196939	260275	132143	130227	604456	598386	659567	89																213977	193773	176857	182962	155135	726230	678281	691822	89																295264	277714	125376	185015	145021	99278	599903	594206	83															
2:41:09	37.1	669069	651348	598893	439591	320927	234792	300813	675017	391486																601553	680880	580010	606117	373270	368343	296767	667374	381818																610285	428839	573680	614177	414761	388215	267888	612613	387295																675565	725640	563051	630375	411557	325604	213226	662572	208836																663004	691162	436909	620288	381803	444627	181285	656794	214913																569379	116661	380141	703038	327739	514700	133857	701627	197460																613409	123948	398066	610505	284849	537796	194534	683154	83																505476	156465	392442	652692	266501	557087	225671	674730	97																369307	121125	316396	617612	205107	673439	169080	746478	95																425910	162091	321752	726179	203178	627648	188666	695356	93																302486	177967	411850	115564	129416	815465	164830	719924	98																228214	115879	323200	152189	194150	714172	96409	717723	81																402308	157580	213993	171108	91581	707701	635807	708986	72																300596	200101	263430	135492	132335	605917	602827	671670	79																216300	196901	178888	185761	157448	731514	686014	698917	89																297337	281632	127172	186877	147017	102043	611465	601346	78															
2:46:09	37.0	676801	661952	609622	445078	325467	241869	306440	688135	392409																611964	693066	587316	615390	382060	373969	300733	679087	382157																616742	434064	580936	626604	420469	396757	271152	625106	388283																684386	735156	574477	641742	419433	332174	216425	676321	208799																674602	699336	442130	632267	388386	449998	183651	669523	215287																582222	119040	389159	713687	333899	517172	136398	714816	197654																622560	127150	404408	619438	289602	548722	197620	701041	95																511643	160025	395347	659038	272779	564279	229631	687123	77																378158	124708	321638	625855	208448	679371	172663	758779	101																431821	164503	327541	736223	206776	636424	192374	710461	85																307585	182427	418046	118409	131794	822848	168708	728193	81																234518	118498	328394	155384	197668	724453	98539	728098	86																410637	160983	218515	174118	92894	718812	647362	721185	91																307048	203334	268752	138135	135498	613035	616128	681145	94																221389	202571	182470	188783	159465	742443	698862	712518	77																302651	284157	129940	189081	149853	104990	620003	612367	81															
2:51:09	37.1	686337	669642	620842	453718	329860	245195	309915	699200	390231																617405	697659	596464	626528	388470	380065	305921	688770	380165																627086	439622	587303	632883	428119	398670	274969	630885	388982																693946	745199	582898	643973	422702	337219	219492	686714	209467																683284	710221	451043	642426	391624	460201	188820	681588	215973																589437	122231	395281	715906	364023	525501	139481	729784	197957																632978	128571	409789	627460	294536	554525	200231	707188	102																522442	162696	405022	671733	275527	574720	233969	697703	88																386411	127424	327505	632113	211850	686070	175915	769327	94																437424	168358	332433	741921	209818	647141	196104	719286	83																312221	184759	425763	121722	136207	831136	170472	742623	91																238254	121877	333523	159226	201132	732729	100416	742133	90																412778	163759	222281	176174	93590	727957	659751	730418	91																311277	205641	272106	140992	138863	620718	626302	690752	63																224148	205721	186000	192272	162822	746892	709041	722245	81																307773	289572	132475	192001	153636	107017	625596	621934	79															
2:56:09	37.0	693114	677706	626906	460675	334090	250907	314484	710389	394145																624912	709184	604665	636486	397053	388893	310482	702626	382733																639346	442662	596295	641513	434056	404980	280348	644291	388998																701965	754638	593017	654113	430888	372068	223041	696369	210991																694665	714306	458121	648961	396307	464668	192444	689539	215505																598572	124510	401789	729348	343124	532710	142058	739107	199186																641502	130900	419609	634360	299505	562007	203171	719347	81																529364	164843	409190	684218	280179	581138	238050	710947	84																391962	130595	332530	641636	215927	699753	178929	782107	108																444732	170848	339227	755152	213689	658368	199202	728935	81																316746	187264	432147	124003	138496	844894	173880	755022	79																243411	124469	337962	160688	203758	740459	102876	752088	87																420765	166762	228132	179278	95149	735266	669334	743141	85																316067	209441	276560	143938	141026	626086	637379	698063	93																229766	209375	188873	194737	164616	755834	718838	735395	88																312031	292772	135362	195441	155647	109898	634110	630922	92															
3:01:09	37.0	699692	683064	633146	466444	338154	252542	316666	720011	389371																626673	711944	606983	642020	398840	390510	312756	710193	381690																646139	443206	601875	645313	434839	409715	283869	650050	386487																706115	758598	598343	659544	430864	374450	224144	706578	209176																698035	718766	464186	655924	403979	468819	194366	698240	216732																603750	125340	401953	734777	373879	539387	143255	743109	198402																646327	132387	422515	641635	301905	566924	204451	728762	95																532882	166865	413361	689694	281641	588606	240079	717163	76																395191	132262	334054	644229	218613	704963	181213	788581	102																449145	172876	370574	754365	217042	660874	200343	735931	79																319855	188850	435213	126915	141262	849759	175085	762455	84																246028	126099	341339	162716	205151	745465	103904	759147	87																425927	169417	230812	180669	95412	741080	672265	753693	76																317646	211224	278441	145968	143882	626981	639266	708514	86																232268	212008	191466	196020	165800	758745	725827	741974	94																314241	295646	138036	195863	157352	111620	643985	636733	74															
3:06:09	37.0	705864	685832	644003	468903	369415	256399	320583	727225	390380																636480	718657	620044	649069	400951	394002	314904	717439	378966																652279	449477	608909	651540	438588	412575	286712	659362	383101																711571	763416	603210	664171	437611	379696	227829	717181	209245																704921	722563	467063	661677	407291	468696	196660	708057	217106																605922	128105	410035	742071	378463	543801	146359	756124	198054																653225	134001	430588	646981	305367	576265	208403	736924	91																539983	169218	418403	694776	285385	595416	242552	724572	80																403570	134422	366831	647711	221096	708440	184902	803928	85																452757	175268	375981	764258	219751	665498	204297	743105	90																324943	191085	439287	128175	142471	857921	177754	768142	78																249166	128840	373400	165011	206918	752803	105616	763351	80																427816	171227	233114	181958	96253	747626	684052	758304	82																322378	214033	280646	148122	146245	634235	649917	718952	82																235562	215290	194053	198372	167494	764442	737334	749374	89																316132	298586	138765	197985	159141	113607	651017	645702	77															
3:11:09	37.1	708741	686852	642706	473909	372187	259165	322326	735206	392322																639734	728019	620151	652430	407768	395801	317438	719719	382696																657669	453000	611935	656917	444409	416485	287836	663527	386349																718486	772094	608359	671494	441862	384152	230084	720292	209982																711092	728845	472544	666092	410596	478190	198503	713768	217420																614692	129842	411322	746316	380605	548138	147727	757636	198331																656920	135419	430328	649750	307773	577530	208606	743475	99																542404	170338	421883	701670	288334	598096	245333	731024	89																404504	137245	370277	651743	222587	715941	186423	809748	98																455327	176438	379415	765889	221711	670654	204935	751975	96																328477	192215	442453	130204	144223	861711	179830	781140	81																252019	130264	375509	167324	208303	755204	107034	776056	83																429135	172979	236543	183296	96875	754445	687220	765196	83																323341	215241	285296	150027	147103	636750	655643	723590	81																237719	217624	194981	201227	169162	769763	737099	755629	89																320284	301195	140710	201106	161251	115219	654057	650291	89															
3:16:09	37.1	711192	692307	651377	476550	375563	261421	323277	739395	393738																639986	730554	624208	664043	411387	401530	322589	727384	382462																664351	457544	620764	662721	446506	419964	290570	666959	384274																721467	776354	615259	674229	445646	385373	231182	726454	208881																716422	733545	475219	671975	415004	481073	198896	722064	217165																624165	131710	416325	753880	385389	548072	149504	770253	197793																662767	137148	438083	656575	311938	584328	212429	749602	90																545351	171950	426607	705227	292475	603924	247123	738595	84																410986	138618	372287	653760	224512	718471	188468	818034	94																458364	178764	384984	768207	222964	677554	208143	757534	89																330005	194460	445803	132220	146104	864920	181171	783878	85																255533	133164	379599	168872	210775	761246	108849	777942	104																432752	174717	238412	185302	97648	758768	692796	770960	96																327022	217030	286938	152347	149210	640332	660265	724956	91																239253	219777	196875	203469	170041	770295	742623	766024	79																321726	304182	142092	202334	162502	116702	664940	655395	80															
3:21:09	37.0	718605	695640	654557	483443	379506	264073	326488	747027	395504																646732	732178	629205	666687	413138	402994	323187	733852	380926																668134	459856	624716	668285	451648	422539	294040	675563	384583																726712	782221	619706	679004	446233	391768	234465	734760	209848																720641	734765	479776	674451	418969	487792	201958	729914	217652																625500	133514	419691	757273	387463	556737	150258	775485	199617																668476	138943	440931	659858	313510	589825	212678	754999	86																549627	173879	426256	711817	294702	606093	250150	745453	89																413288	140843	375891	654990	226634	724398	190554	821033	103																464943	180000	390613	770401	225528	681216	208962	760999	81																332480	196213	450304	134455	148575	869568	183068	790598	82																259108	133912	385851	170601	212368	766071	110013	788251	84																434235	176169	241593	186964	97927	761861	698160	775376	96																330656	217772	289714	153810	151553	644535	668631	735057	86																241834	222267	198310	205048	171826	776253	753008	769534	96																323850	306835	144306	204282	164851	118291	668648	664471	83															
3:26:09	37.0	722040	698000	657684	481932	382908	265697	328416	754872	391974																648549	738881	635098	670533	421263	404099	326473	739510	380892																674465	460919	630524	673329	453511	425523	295991	680508	384909																731517	783759	623962	684734	450776	393335	234365	742061	210363																726231	739305	483689	679644	418721	487921	204100	734256	216281																632389	134807	423968	765850	388865	560788	152279	782077	198822																672038	139354	445599	665900	315735	590520	214313	763206	87																553853	176483	431399	717072	295433	609701	251674	747802	60																417106	142963	378396	659792	227886	729123	193737	827049	97																465921	183703	393726	781955	228167	689501	210190	766081	77																335814	198186	453976	135023	150193	875013	185181	798069	80																261628	135320	386390	173257	213633	769762	110968	790723	77																438046	178172	243389	188392	98916	770107	705415	784715	87																333197	221028	290743	155556	153310	647105	673248	742281	92																242566	224945	200603	206774	173693	774564	751968	775646	80																325706	308402	145989	205564	165874	120564	670880	667413	68															
3:31:09	37.0	724372	703062	662521	487012	385278	269885	331471	758683	392933																647478	745744	641141	674974	424090	409772	328936	742725	377679																678665	462187	633871	677426	454607	427494	299035	684559	384052																735660	790340	629584	690047	452339	397189	238011	744103	209414																730278	742925	485240	685132	422591	494760	206739	740662	217994																633434	136146	426780	766639	391347	564875	153979	786860	199260																676105	141521	447743	666411	318978	599881	215151	769112	83																558044	176925	433716	722922	298587	618315	252711	754525	79																420745	143527	381560	661584	230340	732755	194013	832851	92																470424	184404	393991	777329	229484	690267	212631	770584	87																339058	198852	454493	136430	153041	879490	186216	799670	84																262622	137456	388596	174307	216517	771855	112041	801463	89																443505	179530	246149	190241	98877	772194	710552	787811	83																334608	222677	292472	156561	154189	649250	679150	746323	74																245809	227306	202398	208649	174929	782682	761728	778799	77																328809	312649	147174	206581	168039	121183	677402	666815	75															
3:36:09	37.0	725245	707052	662422	487317	387511	270471	332264	759469	390984																652934	746326	639782	678633	424758	411299	329864	748486	380385																680327	467681	635615	680727	458325	427923	302125	688638	381407																737807	792197	632867	688821	456344	398423	238033	750703	208661																734247	744440	488831	685157	425650	496778	207039	747594	219575																638895	137492	428605	767905	397294	564476	154948	794224	199856																676219	142047	450308	669289	320051	600798	216524	769403	91																558427	178054	434971	720115	300381	618536	254999	758908	96																422156	144914	384858	663641	231193	732628	195840	840202	105																474340	184416	397521	784174	231036	692968	213632	775300	91																339034	200176	454177	138566	153400	884417	187592	802919	92																263542	137847	392301	175087	215917	775014	112601	803357	92																445012	181041	247359	191420	99406	772773	713509	789837	77																335381	223917	293896	158314	155545	648327	680076	749701	70																247041	227871	203573	210650	175786	788134	765905	782883	92																329231	312451	148332	207485	168956	122612	680084	675467	78															
3:41:09	37.0	729055	702583	668552	491102	387553	271706	336076	763975	390116																652622	748174	641562	684468	427685	414912	333396	750931	377234																682997	466463	637406	683832	461796	433636	302666	695614	384984																738397	795050	635544	692699	458162	401083	240377	752837	210609																738284	749689	490897	686795	431426	498630	208248	750618	219130																641127	137845	432162	771893	399842	569329	156542	796626	199528																683191	142508	454944	671664	322667	602928	218104	772475	87																562696	177829	439440	729793	302263	618431	256535	760186	82																422373	145836	383437	662068	231944	737935	196345	838737	87																474090	186104	400108	781219	232124	693252	214508	775940	86																372097	199993	460922	138633	154781	881263	189573	809650	100																265771	140152	394725	176315	219271	775447	113369	806194	88																445902	182343	249786	192604	100222	776304	719214	795647	92																337942	223794	296064	159549	157173	652283	682779	754704	96																249420	230134	204888	211337	176355	783478	768009	783641	86																331954	314276	149099	209383	170908	123405	685408	678386	79															
3:46:09	37.0	731184	709262	670260	492096	390727	273772	363216	772928	391919																654220	755429	646831	686723	431441	413086	333892	753254	378156																687396	469668	642908	690311	463992	431407	305160	697965	380850																740942	795307	637618	697039	460607	405435	241507	758262	211326																739357	752774	497303	691608	431731	500557	209663	755128	218946																645347	138934	432277	772760	398853	571593	157442	802454	199349																682670	143482	454851	673713	325205	607268	219395	782161	93																562686	179800	442756	729582	303793	623617	258939	764690	82																423798	146864	388798	667010	233475	740386	197899	846543	92																478257	187907	401621	787952	232718	697517	215900	784168	87																373124	202531	461893	140125	155388	884662	190168	811167	82																268063	140811	395331	177079	219104	776215	114639	812817	80																448479	183019	250741	192718	100186	780195	722644	801166	84																339576	225530	296645	160318	157912	647385	687506	759037	91																250890	231352	206207	212195	178716	786001	771799	791893	74																333688	316168	151236	209970	171295	124634	688950	682312	83															
3:51:09	37.0	733710	709157	673697	497806	391730	274507	363429	774957	391846																657267	753209	648472	685916	430580	415674	335376	754435	379914																691300	469216	642100	688693	465590	435970	305790	699143	380376																745557	798896	643280	699827	462527	404235	242620	764078	211005																742806	753737	497304	698062	434849	503529	211271	756995	220979																644649	140800	434026	777730	401768	575056	158168	802239	199924																687994	144825	459529	674359	325347	607888	220678	782521	78																565517	181108	444280	730950	305525	626116	259290	771360	77																430558	148436	389606	672343	234418	744587	200111	846292	99																480938	188888	404293	788186	234621	701791	217804	784324	84																373890	203352	463741	140475	157076	891454	190945	819564	85																268432	142242	396874	179006	221053	782573	115404	814184	83																452547	185343	253190	194046	100733	784504	723165	805453	81																370060	227205	297534	161350	158779	651525	691189	760548	80																251852	232593	206911	213305	179079	787829	768852	792444	84																335199	316317	151438	210831	172227	125424	690218	683565	78															
3:56:09	37.1	734255	709372	673402	498251	396197	276228	339287	775684	388638																659095	757627	649811	689679	430810	418449	336925	759694	378713																695890	470019	649043	692369	467688	438585	308423	703722	384155																745064	800517	645418	697846	462746	411569	242914	765497	209111																742854	750422	498043	697282	435230	506445	211608	757051	220171																651604	141499	436621	778785	404113	573110	158723	802836	200948																688982	144989	459172	677617	325440	609630	220884	783958	96																569190	181886	447266	734193	306926	628298	261185	774688	84																429799	148727	392505	669902	236420	747056	201308	850904	105																479259	189901	408123	792110	236720	702499	218248	787593	87																376017	204617	463601	142190	158081	891230	192549	819269	81																270602	143079	402060	180091	221594	783906	116472	817500	84																454196	185834	253322	194583	100673	779783	725966	804700	84																342182	227725	299629	162523	159620	654027	692650	760197	76																251722	235232	208909	214301	179646	790099	775730	798792	92																337430	320012	152533	212624	173533	127066	693826	685826	89															
4:01:09	37.1	738466	709009	671765	500184	397569	277847	368002	783553	391683																659523	762250	649865	694547	437427	420670	338084	762719	377139																695321	471868	651340	696787	470165	438192	311704	703380	378367																752213	802076	646063	702046	463085	409180	244032	766575	209835																743926	753211	500432	701458	439114	509157	213721	762079	221653																653363	142643	437671	782018	404573	578757	159791	805318	201161																694284	146223	462052	679208	328883	613497	221871	787817	81																569967	182934	448198	739577	308339	630910	261778	773539	88																430550	151245	395079	674137	236683	745363	202075	853871	78																485817	190776	409291	788939	238065	707952	219346	789322	91																378136	205150	467263	142842	159579	891269	193797	820866	85																271517	143811	400283	180782	222764	784209	116342	818092	76																454349	186896	255680	195883	101225	784056	730328	808865	89																370996	228898	299252	163268	161203	654451	698984	763176	83																254070	234940	208567	215651	179968	791595	776630	796955	89																338007	320649	152591	212570	174932	127767	692302	690276	79															
4:06:09	37.1	738645	712438	680691	500854	397735	278300	370782	781447	391911																661258	761256	655645	696631	435232	422899	369005	764012	378217																696476	473928	652545	698872	470622	441323	311976	709917	379540																750550	805149	647952	706586	465650	411031	245840	769266	210289																750045	755954	503147	702733	442020	511334	213509	765204	221402																654818	143792	441134	782718	406670	580253	162065	811758	202027																693356	147311	467085	680619	328301	616657	223686	788178	84																568052	184010	447816	737296	311056	630218	262509	778401	81																434128	152346	394844	669707	237941	748431	203494	857340	94																484284	192215	409134	792072	237625	705284	220832	788791	93																377911	205895	470219	144145	160585	896535	195156	826265	89																273047	144070	402577	181137	222458	784438	117606	820554	73																455136	187780	256286	196824	101794	787952	727627	809998	98																375600	229505	300687	164552	161125	654619	697554	763695	80																254765	237172	210392	217070	182438	794227	781610	796099	90																368326	321708	154017	213264	174969	127803	697571	692628	82															
4:11:09	37.0	734261	712817	680696	503084	399106	278839	369647	782878	390642																663055	762585	656545	697027	437616	423407	369897	761020	376285																699880	469472	652385	700061	472594	439613	313977	707706	379285																750559	802359	651486	700665	466850	412321	246947	772814	210478																751976	755739	500921	701840	440764	507750	214424	766862	223224																654157	144114	440056	780488	405633	577404	161431	809812	201629																694860	147613	467136	684575	329603	613647	224465	790524	84																570471	183672	447423	735682	311102	634133	263974	776389	88																435740	152049	394838	673577	239107	746058	204100	858328	99																487339	192173	409214	793285	238657	706108	221806	789697	92																378806	206584	469895	143935	159751	896494	195592	827660	91																273461	145274	402435	181939	222945	786781	117662	821399	93																454503	188719	257805	197091	101747	789758	730629	812442	91																373858	230641	303032	164572	163308	656126	695564	768267	83																254585	237561	210526	216988	182159	792955	779049	801036	94																339805	322199	154471	214056	175392	129156	696706	690391	83															
4:16:09	37.0	740852	716724	681677	501166	397005	280167	375252	785311	392232																663540	763016	654376	699369	439087	424182	343065	764793	375617																701734	471297	657201	701312	473382	442627	312946	708340	380984																752021	804492	652792	707177	467583	413858	248145	769900	210207																751465	758095	504229	708079	443720	512618	214717	770582	222784																656661	144518	442765	785191	408582	580211	161965	815969	202133																695976	147790	468515	681052	331602	621456	226103	790613	96																570522	185371	450434	742968	311301	635315	265277	780343	88																435308	153028	399913	676789	238933	750980	205448	862987	98																488518	192605	413543	794280	239735	707693	220909	789983	76																379626	207127	473915	145909	161903	897044	196803	822543	83																273493	146090	404856	182837	223927	793621	118413	818399	85																458208	188929	257222	198255	102365	790954	732461	810566	91																377028	231654	304281	166318	163370	656126	699094	767937	86																256050	237959	210940	218676	182083	794724	782100	805262	79																343772	323567	155010	215576	177117	130148	704518	695485	77															
4:21:09	37.1	741421	715599	684508	507265	401023	280086	375594	786051	391784																660732	763973	657088	700440	441890	426418	374117	764969	378661																702563	475026	653441	703153	474757	444155	315301	710084	378733																760311	806868	651974	709328	469982	416871	247217	775814	211470																755367	762026	508756	708172	443331	512566	216484	771995	223552																660637	145668	441919	783948	409057	585058	164327	819887	202977																700001	148905	471688	687699	333410	619335	225946	794480	80																574570	186218	455559	746560	313026	639568	265948	779714	79																437138	153593	396827	673770	240738	755640	205771	865080	97																488241	193658	413344	797137	240653	711228	223364	792670	84																381983	208772	471532	146612	161342	897249	196831	831412	94																274772	146519	409197	183482	225842	790133	119410	825177	86																458328	190963	258902	198174	101757	791214	735822	814652	90																379026	232489	303662	166402	163709	658466	702203	771921	90																257463	238727	211557	219410	183588	793965	783974	801818	89																371280	323371	156120	215382	177442	130534	701026	697743	74															
4:26:09	37.0	744657	716602	686283	504489	401189	281635	374823	792353	391070																666102	764831	660496	702689	442019	425211	374605	768652	377312																703201	476532	656164	699879	473617	447372	315102	711802	378876																754612	807809	654483	712353	471874	416540	247740	778312	211857																755014	762007	507276	710590	445567	517725	216929	775355	223174																661012	146169	446243	783731	411177	581452	163714	818211	202477																702719	149962	471316	686538	333697	621052	227056	796335	83																574177	186919	454799	746679	316475	640118	267582	781705	102																439434	154146	398637	676229	241330	754472	206826	863699	100																491726	194459	414808	802007	240851	712400	223854	794607	104																381551	208862	476466	147064	162549	898031	198078	833192	80																276321	147192	405609	184963	227012	792209	120080	827106	89																461351	190670	260984	200565	102218	794195	738657	817054	92																378518	234147	306085	167830	165118	659808	703638	771083	93																258653	240308	212746	219513	184183	796010	788408	803830	90																374695	326622	156322	217638	177907	131744	704873	698935	90															
4:31:09	37.0	740155	716674	683852	507788	401646	282521	374078	785983	390450																663218	765593	662341	700656	442012	427422	374926	767883	380078																705369	476363	658289	706813	477875	442743	316686	713118	379263																757654	808087	657862	713056	472868	417728	248898	776921	213266																754399	759779	508835	707821	446218	512383	217702	777307	224481																657201	147027	447391	785741	412205	583616	165023	819035	202932																701157	150042	472455	691243	332713	621561	227122	795779	88																574726	186903	455286	745496	315653	639153	267454	782522	85																437371	155158	397541	675224	240857	753009	206425	864543	92																489607	194725	414692	796735	241662	710415	223876	793741	82																381773	209266	472990	147471	162542	897041	198413	831142	97																275308	148018	407629	183275	225666	788131	119733	827467	79																461105	191052	260362	200554	101993	793167	735561	817015	90																378852	233182	306159	166990	165291	656661	704724	774419	83																258415	239992	212435	219860	185349	798159	785436	808312	93																373892	325460	156637	217517	179459	132197	704703	696736	64															
4:36:09	37.0	743072	720736	683708	509542	403377	283655	375651	792840	392493																668488	769331	663617	709211	444721	428509	376961	774228	382817																705521	475904	656157	706687	477809	446895	317356	717904	380613																759979	808738	658813	710474	472029	419687	250167	777122	211728																756520	765470	509891	713269	446890	519933	217904	776246	223640																661733	147780	446880	787154	412393	584009	164799	820808	203328																702061	150875	473997	693104	334493	622709	227366	801705	94																576515	188947	455118	751175	317052	642845	269077	787422	81																440102	156088	401406	677208	243841	758477	208062	871611	94																493434	196195	416151	799758	242735	714800	225635	794493	84																385574	209514	478544	149127	163774	904167	199203	833999	79																277009	148754	410035	184840	227372	792457	121402	831218	87																463923	191968	260350	200902	102795	794579	742764	819287	94																381760	233408	307515	168266	166171	661222	704444	774148	82																260844	241413	214932	220327	185263	799330	787075	806397	85																373672	328457	158454	218713	179241	133021	706616	697745	76															
4:41:09	37.1	748530	720870	685782	508992	404526	283031	374662	792230	391043																669841	769383	663031	709705	447500	430700	377085	768217	384188																711420	476364	662710	712182	477535	445984	319253	718486	376976																759312	810818	662892	714444	473634	419935	250160	781356	212050																759751	766679	509971	713529	447493	519110	218734	775315	224634																663346	148264	447120	788495	413101	586197	165623	821639	202601																703082	151608	472960	688032	336048	624787	228370	802421	78																578584	188344	457518	747741	318874	643868	268536	785545	93																440576	155328	401151	677871	242555	755759	208894	866062	90																490995	196643	415903	801236	243892	715708	224919	793397	86																387259	209843	479053	147912	163784	899609	199842	832924	87																277715	148927	407383	186404	227315	794215	121389	829369	81																464249	192484	261077	201271	103040	794693	741447	818118	95																380758	234697	306476	168513	166044	660212	708452	775902	77																259276	242055	214387	220624	185663	802572	790822	811365	76																376093	327567	158169	218683	179961	133297	706051	700928	85															
4:46:09	37.0	745026	720935	689466	510507	406313	284720	379993	793293	392462																669536	774114	666750	711338	448072	433047	378195	769018	383716																708921	479622	661084	711056	478136	447548	320907	715691	379241																758277	811007	661427	715909	475071	422493	250315	782071	212450																760949	765309	511120	712292	451090	519685	219180	778296	225169																664441	149124	449013	792310	418284	585464	166074	824703	203510																708999	152382	475950	696183	364978	631139	229234	804727	91																578844	189927	460138	755167	319565	644705	270508	790171	78																444441	156727	403509	676357	244143	757544	209264	872809	88																494318	196286	418899	803286	245743	718056	226602	797427	81																386571	212027	478086	150403	165076	901118	200813	844329	75																278455	149549	411207	187554	228979	795377	122395	828327	82																464105	192309	263028	203280	103693	800067	744166	821639	87																380166	234779	307072	169468	166596	659644	711687	778137	101																261192	244424	213752	222135	186990	801857	792309	812523	99																376200	328691	158386	219373	180690	133898	707839	702874	87															
4:51:09	37.1	745929	723084	687472	513080	404342	284319	379156	795298	390429																669068	772718	664464	709196	451701	429357	378751	773814	382885																709740	477987	661488	713379	477125	448105	319960	719441	381287																761049	814024	662264	716394	473969	419770	251739	784412	211673																764035	763506	512857	714443	449580	515640	219081	779737	224553																665320	149459	449298	788896	417040	586524	166418	825171	203447																705517	152289	474937	695002	337905	627438	228876	800666	93																576280	189361	460447	750496	319498	644488	271209	785136	84																440940	156698	399314	677364	242832	760525	209684	866663	82																492493	196801	416760	800437	244876	713642	225709	793761	89																382662	211783	477285	149705	164875	900623	201108	835718	83																278284	149373	409624	187449	228755	795492	121958	832847	72																464266	192834	262822	201811	103214	801641	742400	820185	77																381445	234929	307316	170123	166313	662661	707243	775799	95																259606	243792	214869	222278	186182	803304	789528	809124	70																376593	329152	159416	219293	181094	134637	712670	701888	74															
4:56:09	37.0	745452	720542	689384	513069	402431	285666	379647	797826	391370																664622	770265	664651	712234	446814	430077	377422	770544	382842																708136	479826	661645	711051	479880	446457	322175	718413	381399																760600	810003	662448	715409	475040	421852	251631	782165	211896																757710	766084	513975	717837	450418	518619	219738	778205	223868																662842	148860	449265	788163	415555	586932	166574	827073	204211																707284	152910	473794	693494	336030	628945	229417	803725	90																578823	189751	460057	748469	319205	645763	271312	787122	74																440631	157418	398169	678328	245564	758324	209952	869929	91																492795	197342	418512	802740	244577	717262	226631	793660	79																384621	211154	481217	150216	166324	902904	200494	840672	82																278519	149990	411439	187065	228509	794861	121908	833563	98																462257	192035	262439	201738	102690	797373	742434	818070	93																382124	235085	308040	169620	167462	660135	709972	773754	73																261687	244023	214832	222056	186510	802530	792673	810888	93																377191	329280	159106	219202	180598	134370	703341	700938	70															
5:01:09	37.0	747364	727027	691214	513713	408850	286279	380993	793769	390124																670879	774473	671658	714398	450457	431189	381524	775450	383575																711759	479182	662353	718352	480814	449226	321785	721018	381247																763152	820819	665968	717960	476253	422472	252257	786534	211429																766404	769682	517269	718210	450689	518724	220886	783358	225593																665217	150651	451543	792504	418425	589690	168057	830026	204326																709799	152746	477675	693746	367642	630087	230840	800284	90																580162	190824	460280	751784	321095	649908	272197	792333	76																441635	158049	403783	680101	243604	760232	210703	869092	93																495700	198186	419220	803421	246235	718669	227705	795462	88																384075	212905	480957	149995	166393	901712	201828	836146	77																280278	150788	412139	188176	229326	799206	122892	832483	68																466790	193137	264715	202140	103805	802178	741828	822778	85																381896	236047	309253	170807	168901	663986	711766	776584	87																262067	245577	216100	223840	188004	802935	795027	817354	88																378036	329494	158942	219825	181768	135996	710508	704887	83															
5:06:09	37.0	749388	721988	689407	512960	408029	286314	380588	794196	388866																668927	776027	669378	713266	449607	431908	378156	774729	381650																710307	476739	664974	713706	482179	449321	321240	716493	383080																763245	818338	663636	717682	477927	423587	251755	782583	211954																763507	765861	513939	717805	451005	521016	220356	783551	226739																667021	150154	451388	791109	417455	588762	167779	829148	204309																709666	153295	477421	695561	367140	626777	229770	804685	88																584107	191363	462437	753504	320240	650500	271118	791052	84																445741	158436	403873	680837	244861	762131	211960	874403	98																493184	197973	420097	801832	245671	720320	227202	797495	84																385839	211839	480699	151677	165870	905086	202252	838655	73																280056	150474	414218	188310	230347	799134	122788	831927	85																467295	194046	263741	203699	103679	800082	745176	822110	80																382820	234881	309085	171705	168116	663330	711230	780313	81																263676	245156	216010	223566	187673	804721	791468	810876	90																379157	330972	159558	221353	182413	135709	707703	705334	96															
5:11:09	37.1	746433	721166	691236	512284	408849	285649	380608	795013	392288																667799	774705	672157	714219	449960	432217	379159	770134	382915																710630	479703	662293	713210	483341	449224	323770	722135	383223																761297	812241	666675	718179	475684	421797	251588	784533	212242																763941	764968	512494	717456	451033	518265	220302	781855	225509																667349	150917	451473	790894	418652	587900	167272	827184	204018																709445	153725	478565	696352	339131	631519	230547	803133	91																580887	191298	462040	749940	320800	647264	272049	787098	85																444414	159965	405601	682500	245038	756454	210974	875943	91																494104	198171	421231	804092	245910	722623	227171	795549	84																386967	212586	478573	151177	167079	904123	202534	844274	82																280060	151141	410466	189253	230137	800324	123484	836529	93																464657	194206	265196	202690	103680	798837	743169	819021	90																383954	236562	309100	170945	167931	664255	711169	779344	78																261208	243960	216176	223100	187756	801920	792893	814094	89																379635	330891	159879	220839	181780	135707	708606	706128	88															
5:16:09	37.0	748382	723215	690631	514175	408146	286168	382287	795169	387438																671008	779657	671614	714157	451815	433509	382614	775138	383750																712300	478755	663837	717776	479469	449532	323337	725020	381636																764721	818645	668627	719540	478091	424234	252599	785332	212056																765371	769543	514762	721777	454908	523150	221356	783827	227240																669377	151614	452271	794101	417748	588935	167913	828019	205038																710109	154636	476892	701262	369318	633803	232224	806248	88																584634	191747	463399	755811	322784	647093	273073	793194	83																448895	159620	403712	683594	246041	767952	212059	870663	103																496907	199865	420635	806494	247265	721844	228402	795816	82																386216	212960	482965	151601	166671	907262	203233	845335	78																281112	152202	410576	188225	230627	800336	123294	838745	84																467292	195973	264885	203578	103546	804734	747216	822242	88																381971	236701	309600	171709	168864	665028	712338	781821	83																263645	245871	217379	223893	188821	805489	793901	817155	84																377489	331188	160163	220932	182121	136324	710690	703231	90															
5:21:09	37.0	745196	723782	690827	514168	410782	285938	382239	797155	392955																671310	777290	671766	717631	450351	433742	380785	772770	381139																714791	481428	668419	712699	481265	451866	323983	722764	381514																764231	819201	667615	720523	476228	424829	252897	781511	212999																765437	770541	514204	716579	453427	521583	221156	780875	226081																670295	150819	453089	790540	419095	589032	168143	827295	205207																711205	154004	476806	696603	366997	633062	232287	802218	89																579241	191781	460710	754477	321986	647605	272310	790718	85																447282	159542	402605	680543	245661	760672	212236	875872	106																495834	198870	421301	804847	246842	720160	228873	794763	80																387513	213332	483475	152493	167705	902709	204239	836931	85																279508	151049	414885	188841	231019	797251	124163	835394	88																463740	194253	264360	204821	103933	802097	742883	819404	83																382979	236357	310673	171234	168913	663935	715537	777693	85																261574	244943	215857	224199	187829	807760	789160	813206	83																378793	333073	160044	222138	183294	136535	709571	706474	69															
5:26:09	37.0	752854	722904	692800	514929	411017	287439	381738	800040	390712																673893	779231	676920	718637	452230	433860	382583	772476	381838																719508	480348	666613	717217	481099	451483	324748	723715	382554																767444	818580	672475	723627	479889	424780	254143	790255	214300																770309	771775	516081	720414	458275	524370	222708	786743	226316																674157	152168	454774	798635	419812	591767	168811	830388	205739																713919	154833	480282	700355	370619	632430	233025	809614	81																584355	192083	463546	759770	323462	650197	273845	793652	84																447682	160362	407047	685146	247735	765457	214118	880868	100																499142	200835	423175	807783	249059	723535	229979	798634	82																388614	214324	484890	152660	167784	905142	205015	841705	79																281716	152158	416798	190481	232341	801380	124801	842874	80																468517	196145	266426	205327	103996	805916	746710	822776	88																384561	237962	311579	172753	168895	668958	715879	781982	88																265440	247782	217297	225286	189451	809176	795238	816688	79																382380	332838	160977	223832	184691	137524	711083	706473	82															
5:31:09	37.0	751313	725295	694441	517239	412480	286075	385610	799855	389180																671658	780916	674370	713951	454347	438043	383307	774220	383373																713105	481894	667421	716999	482330	454705	324268	725004	385553																767651	819586	668076	723171	480453	426997	253984	789866	213609																767658	772903	516180	720845	455174	524040	221729	787281	226529																672324	153736	453398	799794	420553	590165	168704	832895	207123																712174	154605	479557	700434	370229	633946	232854	807260	85																581299	193201	463141	759943	322986	652449	274260	793534	85																445850	160100	405050	685724	247022	764272	212646	875710	97																495660	200534	424907	802208	248273	725767	229872	793952	90																388239	214132	484417	153114	168188	902682	204693	838994	84																281576	151897	412324	190312	231686	801806	124478	838505	91																467522	196360	266335	205843	103747	804370	745244	825929	92																384551	237612	310654	172203	170528	661312	716805	786259	80																264576	247190	217438	225294	188895	804885	796428	818850	81																381035	333926	161361	223253	183871	136962	712492	705623	70															
5:36:09	37.0	750889	726921	695704	517068	411993	287692	384491	799580	387557																670037	783405	674460	716465	453440	436182	384393	776138	381300																716503	482333	666238	718791	483398	451245	324756	725888	381129																765578	819846	666772	722750	480593	424788	252853	792937	213750																767031	770111	517736	720406	453886	521334	222443	787470	228247																673299	153038	457028	796317	421560	592287	169171	830460	205414																713841	154399	478238	698449	370752	632729	233235	804255	86																585548	192516	465149	760077	322900	650979	274690	793348	72																445711	159666	405843	682427	246913	765663	213608	876805	101																497949	200407	421921	805156	248178	723595	229234	793420	85																387611	213932	483011	152979	168482	900994	204582	839003	79																281638	153307	415138	190006	231680	800972	124198	837682	89																467794	195246	266750	205830	103788	804724	743805	824976	85																387463	237969	312377	172965	170496	667646	715583	780959	63																264766	246458	216676	225763	189480	804779	791905	816997	92																382397	333118	161065	222561	184529	137526	712511	708542	72															
5:41:09	37.0	751452	725521	693132	517447	409795	287313	384025	798096	390667																673689	781725	673540	716366	450513	435131	380165	776004	382097																717207	484121	667273	719334	480956	454752	326171	722434	382096																768369	818803	668774	721620	478229	422909	254048	789148	213256																771271	772852	519026	719495	456586	522429	222640	785765	229456																668823	152595	454998	797301	422340	592332	168669	828779	205288																712229	155364	479860	699113	370144	632473	232641	809953	85																587430	193261	465791	761376	323991	649266	274710	792665	88																449872	161023	406174	681160	247207	766713	214190	876123	83																498266	200594	423528	805257	248769	721336	230207	793332	98																386817	215118	483034	153839	168672	897766	203915	845375	79																281709	153353	412624	190704	231587	801743	124891	837301	74																468892	196244	267138	205197	103562	804512	743807	824450	83																385088	239163	311924	172413	170340	666071	711212	785990	95																264088	247472	218054	225340	189662	806296	794876	815798	81																381509	333373	162213	223089	184461	138552	711938	708202	81															
5:46:09	37.0	750315	725545	690802	516179	409294	287293	383815	799485	386268																674061	784728	674851	717555	452138	434650	384067	774441	380989																714514	479450	668487	720044	485268	454215	326712	721740	378680																768452	818530	666850	720120	478587	425040	254247	790441	213186																768434	771170	519445	724692	454794	522722	222028	787146	227955																672417	152946	453876	794103	423130	588881	169943	828029	205682																714568	155103	478894	698794	369856	635204	233046	807988	84																580760	192511	464197	756515	322102	650352	274373	789770	84																447875	161159	407341	682970	246295	763340	213393	873966	90																496514	200175	421677	804659	248245	722463	230927	799481	90																387412	214504	481037	152894	167833	901629	204195	843775	84																281517	152009	412131	190336	232219	800386	124281	839168	93																466294	195146	268556	205601	103479	802202	746682	825742	99																384116	237474	311178	173285	170219	663185	715755	780095	79																265447	248003	217646	225434	189973	804746	796146	815251	77																380720	332583	161471	223001	184455	138407	713975	704296	83															
5:51:09	37.0	753457	725175	694313	515215	405727	287865	384752	797316	389048																674866	778425	674709	716530	454210	436199	380937	772184	382255																713952	480586	666707	716154	482519	453399	326916	720995	376051																769966	818385	672188	724134	480907	428441	255084	790033	214361																770306	774324	517873	719668	456358	521279	222279	784055	229468																673096	153750	454817	794122	425688	588727	170647	835059	205575																714943	155707	479347	701162	369319	637509	233515	806161	92																582312	194325	465571	756882	323235	655051	273922	792367	74																449095	162230	406039	685762	247275	765426	214592	876914	89																499465	201536	424015	806469	248105	719144	229814	791709	80																387309	215752	484407	153061	169115	901011	204499	837815	87																282972	152562	415336	190332	231535	803046	125420	839981	90																470037	195376	266978	206374	104015	803860	746348	825622	69																385068	237687	309417	172943	170447	666296	713032	779250	85																264870	247560	217398	226126	190607	809330	792318	819737	94																381765	334354	162750	222810	184667	138297	714230	704861	81															
5:56:09	37.0	753250	726509	693424	516557	410228	287924	385880	798179	388059																671443	780615	675861	720480	451391	436008	386103	773158	381387																715211	481706	667926	717845	483240	452802	326004	723705	373646																768652	822147	672684	722474	478147	426225	254604	790182	214081																767471	773837	518128	721668	456912	521196	222360	790093	229678																671357	153590	457626	794722	423090	589450	170255	831310	206156																713781	156386	478684	701210	369165	635304	233671	806700	85																582973	193113	463021	759355	325192	655662	275428	796456	83																447528	161944	404659	688031	247080	767419	213739	875836	105																496850	201115	420959	810591	248465	723514	231547	789290	92																389914	214606	483551	154985	169499	905038	205637	843661	90																281705	152470	414204	191626	232614	801309	124611	836269	79																471475	196036	267293	205696	104376	806653	749559	822211	89																386688	237643	311245	172987	170555	666144	713017	782133	80																266802	248325	217226	226003	190835	809103	798142	815609	83																378991	334164	162017	223658	185003	138212	712303	708160	82															
6:01:09	37.0	755974	727181	695506	517342	413635	287216	382897	799155	390519																673794	780907	678872	718137	455983	436548	384040	773575	382821																713089	482482	670331	720447	485020	456387	327008	722754	374569																769975	825178	669983	720215	478348	427540	255401	792622	213436																771007	774460	520085	722773	457372	523265	222723	786988	229104																672051	153641	456527	796067	422334	593447	170497	831219	206677																714911	156996	476923	700967	368713	634415	233114	804739	98																582997	193782	466170	760010	325426	653568	274816	792825	75																447806	161577	403120	684696	247279	762826	214184	875354	85																497412	200871	423814	806820	249846	721412	230840	791784	91																389359	215122	483946	155049	168882	903088	206119	842765	102																282334	153430	412902	191492	233279	806984	125979	841146	100																468984	196312	267697	206374	104247	804585	745493	824929	90																385544	238204	312931	174854	170973	665828	716614	782032	80																264673	248700	218529	227183	190615	806767	796177	815043	74																383615	334109	161913	223910	185704	139283	714656	709174	73															

